 r0a,lxa,beta,a,rmaj0=  0.500000000000000       0.400000000000000     
  1.000000000000000E-002   254.415658132128        706.710161478133     
 elon0,tria0,rmaj0p,stria0,selon0,q0,shat=   1.00000000000000     
  0.000000000000000E+000  0.000000000000000E+000  0.000000000000000E+000
  0.000000000000000E+000   1.41000000000000       0.541309910919421     
 xn0s(1,nr/2),xn0s(2,nr/2),t0s(1,nr/2),t0s(2,nr/2)=   1.01636888035657     
                     NaN   1.00000000000000       0.000000000000000E+000
 capns(1,nr/2),capns(2,nr/2),capts(1,nr/2),capts(2,nr/2)=
  3.155445986732596E-003  0.000000000000000E+000  9.848403912986903E-003
  0.000000000000000E+000
 capne(nr/2),capte(nr/2)=  3.155445986732596E-003  9.848403912986903E-003
 t0i0,t0e0,ni0,ne0=   1.00000000000000        1.00000000000000     
   1.01636888035657        1.01636888035657     
 a/cs=   359.798074210532     
 i,   sf,   ni,   ne,   nc,   ti,   tc,   capni,   capnc, captc
   0    0.104E+01  0.117E+01  0.117E+01  0.155E+01  0.155E+01  0.000E+00  0.000E+00  0.000E+00  0.000E+00
   1    0.104E+01  0.117E+01  0.117E+01  0.155E+01  0.155E+01  0.369E-04  0.369E-04  0.115E-03  0.115E-03
   2    0.104E+01  0.117E+01  0.117E+01  0.154E+01  0.154E+01  0.145E-03  0.145E-03  0.451E-03  0.451E-03
   3    0.104E+01  0.117E+01  0.117E+01  0.154E+01  0.154E+01  0.313E-03  0.313E-03  0.977E-03  0.977E-03
   4    0.105E+01  0.117E+01  0.117E+01  0.154E+01  0.154E+01  0.527E-03  0.527E-03  0.164E-02  0.164E-02
   5    0.105E+01  0.117E+01  0.117E+01  0.153E+01  0.153E+01  0.767E-03  0.767E-03  0.239E-02  0.239E-02
   6    0.105E+01  0.116E+01  0.116E+01  0.153E+01  0.153E+01  0.102E-02  0.102E-02  0.317E-02  0.317E-02
   7    0.105E+01  0.116E+01  0.116E+01  0.153E+01  0.153E+01  0.126E-02  0.126E-02  0.392E-02  0.392E-02
   8    0.105E+01  0.116E+01  0.116E+01  0.152E+01  0.152E+01  0.147E-02  0.147E-02  0.460E-02  0.460E-02
   9    0.106E+01  0.116E+01  0.116E+01  0.152E+01  0.152E+01  0.166E-02  0.166E-02  0.519E-02  0.519E-02
  10    0.106E+01  0.116E+01  0.116E+01  0.152E+01  0.152E+01  0.182E-02  0.182E-02  0.568E-02  0.568E-02
  11    0.106E+01  0.116E+01  0.116E+01  0.151E+01  0.151E+01  0.195E-02  0.195E-02  0.607E-02  0.607E-02
  12    0.106E+01  0.116E+01  0.116E+01  0.151E+01  0.151E+01  0.204E-02  0.204E-02  0.637E-02  0.637E-02
  13    0.106E+01  0.116E+01  0.116E+01  0.150E+01  0.150E+01  0.211E-02  0.211E-02  0.660E-02  0.660E-02
  14    0.106E+01  0.116E+01  0.116E+01  0.150E+01  0.150E+01  0.217E-02  0.217E-02  0.676E-02  0.676E-02
  15    0.107E+01  0.116E+01  0.116E+01  0.150E+01  0.150E+01  0.220E-02  0.220E-02  0.688E-02  0.688E-02
  16    0.107E+01  0.116E+01  0.116E+01  0.149E+01  0.149E+01  0.223E-02  0.223E-02  0.697E-02  0.697E-02
  17    0.107E+01  0.115E+01  0.115E+01  0.149E+01  0.149E+01  0.225E-02  0.225E-02  0.703E-02  0.703E-02
  18    0.107E+01  0.115E+01  0.115E+01  0.149E+01  0.149E+01  0.227E-02  0.227E-02  0.709E-02  0.709E-02
  19    0.107E+01  0.115E+01  0.115E+01  0.148E+01  0.148E+01  0.228E-02  0.228E-02  0.713E-02  0.713E-02
  20    0.108E+01  0.115E+01  0.115E+01  0.148E+01  0.148E+01  0.230E-02  0.230E-02  0.717E-02  0.717E-02
  21    0.108E+01  0.115E+01  0.115E+01  0.148E+01  0.148E+01  0.231E-02  0.231E-02  0.721E-02  0.721E-02
  22    0.108E+01  0.115E+01  0.115E+01  0.147E+01  0.147E+01  0.232E-02  0.232E-02  0.724E-02  0.724E-02
  23    0.108E+01  0.115E+01  0.115E+01  0.147E+01  0.147E+01  0.233E-02  0.233E-02  0.727E-02  0.727E-02
  24    0.108E+01  0.115E+01  0.115E+01  0.146E+01  0.146E+01  0.234E-02  0.234E-02  0.731E-02  0.731E-02
  25    0.109E+01  0.115E+01  0.115E+01  0.146E+01  0.146E+01  0.235E-02  0.235E-02  0.734E-02  0.734E-02
  26    0.109E+01  0.115E+01  0.115E+01  0.146E+01  0.146E+01  0.236E-02  0.236E-02  0.737E-02  0.737E-02
  27    0.109E+01  0.115E+01  0.115E+01  0.145E+01  0.145E+01  0.237E-02  0.237E-02  0.741E-02  0.741E-02
  28    0.109E+01  0.114E+01  0.114E+01  0.145E+01  0.145E+01  0.238E-02  0.238E-02  0.744E-02  0.744E-02
  29    0.109E+01  0.114E+01  0.114E+01  0.145E+01  0.145E+01  0.239E-02  0.239E-02  0.747E-02  0.747E-02
  30    0.110E+01  0.114E+01  0.114E+01  0.144E+01  0.144E+01  0.240E-02  0.240E-02  0.750E-02  0.750E-02
  31    0.110E+01  0.114E+01  0.114E+01  0.144E+01  0.144E+01  0.241E-02  0.241E-02  0.754E-02  0.754E-02
  32    0.110E+01  0.114E+01  0.114E+01  0.144E+01  0.144E+01  0.243E-02  0.243E-02  0.757E-02  0.757E-02
  33    0.110E+01  0.114E+01  0.114E+01  0.143E+01  0.143E+01  0.244E-02  0.244E-02  0.760E-02  0.760E-02
  34    0.111E+01  0.114E+01  0.114E+01  0.143E+01  0.143E+01  0.245E-02  0.245E-02  0.763E-02  0.763E-02
  35    0.111E+01  0.114E+01  0.114E+01  0.142E+01  0.142E+01  0.246E-02  0.246E-02  0.767E-02  0.767E-02
  36    0.111E+01  0.114E+01  0.114E+01  0.142E+01  0.142E+01  0.247E-02  0.247E-02  0.770E-02  0.770E-02
  37    0.111E+01  0.114E+01  0.114E+01  0.142E+01  0.142E+01  0.248E-02  0.248E-02  0.773E-02  0.773E-02
  38    0.111E+01  0.114E+01  0.114E+01  0.141E+01  0.141E+01  0.249E-02  0.249E-02  0.776E-02  0.776E-02
  39    0.112E+01  0.113E+01  0.113E+01  0.141E+01  0.141E+01  0.250E-02  0.250E-02  0.779E-02  0.779E-02
  40    0.112E+01  0.113E+01  0.113E+01  0.141E+01  0.141E+01  0.251E-02  0.251E-02  0.782E-02  0.782E-02
  41    0.112E+01  0.113E+01  0.113E+01  0.140E+01  0.140E+01  0.252E-02  0.252E-02  0.786E-02  0.786E-02
  42    0.112E+01  0.113E+01  0.113E+01  0.140E+01  0.140E+01  0.253E-02  0.253E-02  0.789E-02  0.789E-02
  43    0.112E+01  0.113E+01  0.113E+01  0.139E+01  0.139E+01  0.254E-02  0.254E-02  0.792E-02  0.792E-02
  44    0.113E+01  0.113E+01  0.113E+01  0.139E+01  0.139E+01  0.255E-02  0.255E-02  0.795E-02  0.795E-02
  45    0.113E+01  0.113E+01  0.113E+01  0.139E+01  0.139E+01  0.256E-02  0.256E-02  0.798E-02  0.798E-02
  46    0.113E+01  0.113E+01  0.113E+01  0.138E+01  0.138E+01  0.257E-02  0.257E-02  0.801E-02  0.801E-02
  47    0.113E+01  0.113E+01  0.113E+01  0.138E+01  0.138E+01  0.258E-02  0.258E-02  0.804E-02  0.804E-02
  48    0.114E+01  0.113E+01  0.113E+01  0.138E+01  0.138E+01  0.259E-02  0.259E-02  0.807E-02  0.807E-02
  49    0.114E+01  0.112E+01  0.112E+01  0.137E+01  0.137E+01  0.260E-02  0.260E-02  0.810E-02  0.810E-02
  50    0.114E+01  0.112E+01  0.112E+01  0.137E+01  0.137E+01  0.261E-02  0.261E-02  0.813E-02  0.813E-02
  51    0.114E+01  0.112E+01  0.112E+01  0.136E+01  0.136E+01  0.262E-02  0.262E-02  0.816E-02  0.816E-02
  52    0.114E+01  0.112E+01  0.112E+01  0.136E+01  0.136E+01  0.263E-02  0.263E-02  0.819E-02  0.819E-02
  53    0.115E+01  0.112E+01  0.112E+01  0.136E+01  0.136E+01  0.263E-02  0.263E-02  0.822E-02  0.822E-02
  54    0.115E+01  0.112E+01  0.112E+01  0.135E+01  0.135E+01  0.264E-02  0.264E-02  0.825E-02  0.825E-02
  55    0.115E+01  0.112E+01  0.112E+01  0.135E+01  0.135E+01  0.265E-02  0.265E-02  0.828E-02  0.828E-02
  56    0.115E+01  0.112E+01  0.112E+01  0.135E+01  0.135E+01  0.266E-02  0.266E-02  0.831E-02  0.831E-02
  57    0.116E+01  0.112E+01  0.112E+01  0.134E+01  0.134E+01  0.267E-02  0.267E-02  0.834E-02  0.834E-02
  58    0.116E+01  0.112E+01  0.112E+01  0.134E+01  0.134E+01  0.268E-02  0.268E-02  0.837E-02  0.837E-02
  59    0.116E+01  0.111E+01  0.111E+01  0.133E+01  0.133E+01  0.269E-02  0.269E-02  0.840E-02  0.840E-02
  60    0.116E+01  0.111E+01  0.111E+01  0.133E+01  0.133E+01  0.270E-02  0.270E-02  0.843E-02  0.843E-02
  61    0.117E+01  0.111E+01  0.111E+01  0.133E+01  0.133E+01  0.271E-02  0.271E-02  0.846E-02  0.846E-02
  62    0.117E+01  0.111E+01  0.111E+01  0.132E+01  0.132E+01  0.272E-02  0.272E-02  0.848E-02  0.848E-02
  63    0.117E+01  0.111E+01  0.111E+01  0.132E+01  0.132E+01  0.273E-02  0.273E-02  0.851E-02  0.851E-02
  64    0.117E+01  0.111E+01  0.111E+01  0.132E+01  0.132E+01  0.274E-02  0.274E-02  0.854E-02  0.854E-02
  65    0.117E+01  0.111E+01  0.111E+01  0.131E+01  0.131E+01  0.274E-02  0.274E-02  0.857E-02  0.857E-02
  66    0.118E+01  0.111E+01  0.111E+01  0.131E+01  0.131E+01  0.275E-02  0.275E-02  0.859E-02  0.859E-02
  67    0.118E+01  0.111E+01  0.111E+01  0.130E+01  0.130E+01  0.276E-02  0.276E-02  0.862E-02  0.862E-02
  68    0.118E+01  0.111E+01  0.111E+01  0.130E+01  0.130E+01  0.277E-02  0.277E-02  0.865E-02  0.865E-02
  69    0.118E+01  0.110E+01  0.110E+01  0.130E+01  0.130E+01  0.278E-02  0.278E-02  0.867E-02  0.867E-02
  70    0.119E+01  0.110E+01  0.110E+01  0.129E+01  0.129E+01  0.279E-02  0.279E-02  0.870E-02  0.870E-02
  71    0.119E+01  0.110E+01  0.110E+01  0.129E+01  0.129E+01  0.280E-02  0.280E-02  0.873E-02  0.873E-02
  72    0.119E+01  0.110E+01  0.110E+01  0.128E+01  0.128E+01  0.280E-02  0.280E-02  0.875E-02  0.875E-02
  73    0.119E+01  0.110E+01  0.110E+01  0.128E+01  0.128E+01  0.281E-02  0.281E-02  0.878E-02  0.878E-02
  74    0.120E+01  0.110E+01  0.110E+01  0.128E+01  0.128E+01  0.282E-02  0.282E-02  0.880E-02  0.880E-02
  75    0.120E+01  0.110E+01  0.110E+01  0.127E+01  0.127E+01  0.283E-02  0.283E-02  0.883E-02  0.883E-02
  76    0.120E+01  0.110E+01  0.110E+01  0.127E+01  0.127E+01  0.284E-02  0.284E-02  0.886E-02  0.886E-02
  77    0.120E+01  0.110E+01  0.110E+01  0.127E+01  0.127E+01  0.285E-02  0.285E-02  0.888E-02  0.888E-02
  78    0.121E+01  0.110E+01  0.110E+01  0.126E+01  0.126E+01  0.285E-02  0.285E-02  0.890E-02  0.890E-02
  79    0.121E+01  0.109E+01  0.109E+01  0.126E+01  0.126E+01  0.286E-02  0.286E-02  0.893E-02  0.893E-02
  80    0.121E+01  0.109E+01  0.109E+01  0.125E+01  0.125E+01  0.287E-02  0.287E-02  0.895E-02  0.895E-02
  81    0.121E+01  0.109E+01  0.109E+01  0.125E+01  0.125E+01  0.288E-02  0.288E-02  0.898E-02  0.898E-02
  82    0.122E+01  0.109E+01  0.109E+01  0.125E+01  0.125E+01  0.288E-02  0.288E-02  0.900E-02  0.900E-02
  83    0.122E+01  0.109E+01  0.109E+01  0.124E+01  0.124E+01  0.289E-02  0.289E-02  0.902E-02  0.902E-02
  84    0.122E+01  0.109E+01  0.109E+01  0.124E+01  0.124E+01  0.290E-02  0.290E-02  0.905E-02  0.905E-02
  85    0.122E+01  0.109E+01  0.109E+01  0.124E+01  0.124E+01  0.291E-02  0.291E-02  0.907E-02  0.907E-02
  86    0.123E+01  0.109E+01  0.109E+01  0.123E+01  0.123E+01  0.291E-02  0.291E-02  0.909E-02  0.909E-02
  87    0.123E+01  0.109E+01  0.109E+01  0.123E+01  0.123E+01  0.292E-02  0.292E-02  0.911E-02  0.911E-02
  88    0.123E+01  0.108E+01  0.108E+01  0.122E+01  0.122E+01  0.293E-02  0.293E-02  0.914E-02  0.914E-02
  89    0.123E+01  0.108E+01  0.108E+01  0.122E+01  0.122E+01  0.293E-02  0.293E-02  0.916E-02  0.916E-02
  90    0.124E+01  0.108E+01  0.108E+01  0.122E+01  0.122E+01  0.294E-02  0.294E-02  0.918E-02  0.918E-02
  91    0.124E+01  0.108E+01  0.108E+01  0.121E+01  0.121E+01  0.295E-02  0.295E-02  0.920E-02  0.920E-02
  92    0.124E+01  0.108E+01  0.108E+01  0.121E+01  0.121E+01  0.295E-02  0.295E-02  0.922E-02  0.922E-02
  93    0.125E+01  0.108E+01  0.108E+01  0.120E+01  0.120E+01  0.296E-02  0.296E-02  0.924E-02  0.924E-02
  94    0.125E+01  0.108E+01  0.108E+01  0.120E+01  0.120E+01  0.297E-02  0.297E-02  0.926E-02  0.926E-02
  95    0.125E+01  0.108E+01  0.108E+01  0.120E+01  0.120E+01  0.297E-02  0.297E-02  0.928E-02  0.928E-02
  96    0.125E+01  0.108E+01  0.108E+01  0.119E+01  0.119E+01  0.298E-02  0.298E-02  0.930E-02  0.930E-02
  97    0.126E+01  0.107E+01  0.107E+01  0.119E+01  0.119E+01  0.299E-02  0.299E-02  0.932E-02  0.932E-02
  98    0.126E+01  0.107E+01  0.107E+01  0.119E+01  0.119E+01  0.299E-02  0.299E-02  0.934E-02  0.934E-02
  99    0.126E+01  0.107E+01  0.107E+01  0.118E+01  0.118E+01  0.300E-02  0.300E-02  0.936E-02  0.936E-02
 100    0.126E+01  0.107E+01  0.107E+01  0.118E+01  0.118E+01  0.300E-02  0.300E-02  0.938E-02  0.938E-02
 101    0.127E+01  0.107E+01  0.107E+01  0.117E+01  0.117E+01  0.301E-02  0.301E-02  0.940E-02  0.940E-02
 102    0.127E+01  0.107E+01  0.107E+01  0.117E+01  0.117E+01  0.302E-02  0.302E-02  0.941E-02  0.941E-02
 103    0.127E+01  0.107E+01  0.107E+01  0.117E+01  0.117E+01  0.302E-02  0.302E-02  0.943E-02  0.943E-02
 104    0.127E+01  0.107E+01  0.107E+01  0.116E+01  0.116E+01  0.303E-02  0.303E-02  0.945E-02  0.945E-02
 105    0.128E+01  0.107E+01  0.107E+01  0.116E+01  0.116E+01  0.303E-02  0.303E-02  0.946E-02  0.946E-02
 106    0.128E+01  0.106E+01  0.106E+01  0.116E+01  0.116E+01  0.304E-02  0.304E-02  0.948E-02  0.948E-02
 107    0.128E+01  0.106E+01  0.106E+01  0.115E+01  0.115E+01  0.304E-02  0.304E-02  0.950E-02  0.950E-02
 108    0.129E+01  0.106E+01  0.106E+01  0.115E+01  0.115E+01  0.305E-02  0.305E-02  0.951E-02  0.951E-02
 109    0.129E+01  0.106E+01  0.106E+01  0.115E+01  0.115E+01  0.305E-02  0.305E-02  0.953E-02  0.953E-02
 110    0.129E+01  0.106E+01  0.106E+01  0.114E+01  0.114E+01  0.306E-02  0.306E-02  0.954E-02  0.954E-02
 111    0.129E+01  0.106E+01  0.106E+01  0.114E+01  0.114E+01  0.306E-02  0.306E-02  0.956E-02  0.956E-02
 112    0.130E+01  0.106E+01  0.106E+01  0.113E+01  0.113E+01  0.307E-02  0.307E-02  0.957E-02  0.957E-02
 113    0.130E+01  0.106E+01  0.106E+01  0.113E+01  0.113E+01  0.307E-02  0.307E-02  0.959E-02  0.959E-02
 114    0.130E+01  0.106E+01  0.106E+01  0.113E+01  0.113E+01  0.308E-02  0.308E-02  0.960E-02  0.960E-02
 115    0.131E+01  0.105E+01  0.105E+01  0.112E+01  0.112E+01  0.308E-02  0.308E-02  0.961E-02  0.961E-02
 116    0.131E+01  0.105E+01  0.105E+01  0.112E+01  0.112E+01  0.308E-02  0.308E-02  0.963E-02  0.963E-02
 117    0.131E+01  0.105E+01  0.105E+01  0.112E+01  0.112E+01  0.309E-02  0.309E-02  0.964E-02  0.964E-02
 118    0.131E+01  0.105E+01  0.105E+01  0.111E+01  0.111E+01  0.309E-02  0.309E-02  0.965E-02  0.965E-02
 119    0.132E+01  0.105E+01  0.105E+01  0.111E+01  0.111E+01  0.310E-02  0.310E-02  0.966E-02  0.966E-02
 120    0.132E+01  0.105E+01  0.105E+01  0.110E+01  0.110E+01  0.310E-02  0.310E-02  0.968E-02  0.968E-02
 121    0.132E+01  0.105E+01  0.105E+01  0.110E+01  0.110E+01  0.310E-02  0.310E-02  0.969E-02  0.969E-02
 122    0.133E+01  0.105E+01  0.105E+01  0.110E+01  0.110E+01  0.311E-02  0.311E-02  0.970E-02  0.970E-02
 123    0.133E+01  0.105E+01  0.105E+01  0.109E+01  0.109E+01  0.311E-02  0.311E-02  0.971E-02  0.971E-02
 124    0.133E+01  0.104E+01  0.104E+01  0.109E+01  0.109E+01  0.311E-02  0.311E-02  0.972E-02  0.972E-02
 125    0.133E+01  0.104E+01  0.104E+01  0.109E+01  0.109E+01  0.312E-02  0.312E-02  0.973E-02  0.973E-02
 126    0.134E+01  0.104E+01  0.104E+01  0.108E+01  0.108E+01  0.312E-02  0.312E-02  0.974E-02  0.974E-02
 127    0.134E+01  0.104E+01  0.104E+01  0.108E+01  0.108E+01  0.312E-02  0.312E-02  0.975E-02  0.975E-02
 128    0.134E+01  0.104E+01  0.104E+01  0.108E+01  0.108E+01  0.313E-02  0.313E-02  0.975E-02  0.975E-02
 129    0.135E+01  0.104E+01  0.104E+01  0.107E+01  0.107E+01  0.313E-02  0.313E-02  0.976E-02  0.976E-02
 130    0.135E+01  0.104E+01  0.104E+01  0.107E+01  0.107E+01  0.313E-02  0.313E-02  0.977E-02  0.977E-02
 131    0.135E+01  0.104E+01  0.104E+01  0.107E+01  0.107E+01  0.313E-02  0.313E-02  0.978E-02  0.978E-02
 132    0.135E+01  0.104E+01  0.104E+01  0.106E+01  0.106E+01  0.314E-02  0.314E-02  0.979E-02  0.979E-02
 133    0.136E+01  0.103E+01  0.103E+01  0.106E+01  0.106E+01  0.314E-02  0.314E-02  0.979E-02  0.979E-02
 134    0.136E+01  0.103E+01  0.103E+01  0.105E+01  0.105E+01  0.314E-02  0.314E-02  0.980E-02  0.980E-02
 135    0.136E+01  0.103E+01  0.103E+01  0.105E+01  0.105E+01  0.314E-02  0.314E-02  0.980E-02  0.980E-02
 136    0.137E+01  0.103E+01  0.103E+01  0.105E+01  0.105E+01  0.314E-02  0.314E-02  0.981E-02  0.981E-02
 137    0.137E+01  0.103E+01  0.103E+01  0.104E+01  0.104E+01  0.314E-02  0.314E-02  0.982E-02  0.982E-02
 138    0.137E+01  0.103E+01  0.103E+01  0.104E+01  0.104E+01  0.315E-02  0.315E-02  0.982E-02  0.982E-02
 139    0.138E+01  0.103E+01  0.103E+01  0.104E+01  0.104E+01  0.315E-02  0.315E-02  0.982E-02  0.982E-02
 140    0.138E+01  0.103E+01  0.103E+01  0.103E+01  0.103E+01  0.315E-02  0.315E-02  0.983E-02  0.983E-02
 141    0.138E+01  0.103E+01  0.103E+01  0.103E+01  0.103E+01  0.315E-02  0.315E-02  0.983E-02  0.983E-02
 142    0.139E+01  0.103E+01  0.103E+01  0.103E+01  0.103E+01  0.315E-02  0.315E-02  0.984E-02  0.984E-02
 143    0.139E+01  0.102E+01  0.102E+01  0.102E+01  0.102E+01  0.315E-02  0.315E-02  0.984E-02  0.984E-02
 144    0.139E+01  0.102E+01  0.102E+01  0.102E+01  0.102E+01  0.315E-02  0.315E-02  0.984E-02  0.984E-02
 145    0.139E+01  0.102E+01  0.102E+01  0.102E+01  0.102E+01  0.315E-02  0.315E-02  0.984E-02  0.984E-02
 146    0.140E+01  0.102E+01  0.102E+01  0.101E+01  0.101E+01  0.315E-02  0.315E-02  0.985E-02  0.985E-02
 147    0.140E+01  0.102E+01  0.102E+01  0.101E+01  0.101E+01  0.315E-02  0.315E-02  0.985E-02  0.985E-02
 148    0.140E+01  0.102E+01  0.102E+01  0.101E+01  0.101E+01  0.316E-02  0.316E-02  0.985E-02  0.985E-02
 149    0.141E+01  0.102E+01  0.102E+01  0.100E+01  0.100E+01  0.316E-02  0.316E-02  0.985E-02  0.985E-02
 150    0.141E+01  0.102E+01  0.102E+01  0.100E+01  0.100E+01  0.316E-02  0.316E-02  0.985E-02  0.985E-02
 151    0.141E+01  0.102E+01  0.102E+01  0.997E+00  0.997E+00  0.316E-02  0.316E-02  0.985E-02  0.985E-02
 152    0.142E+01  0.101E+01  0.101E+01  0.993E+00  0.993E+00  0.316E-02  0.316E-02  0.985E-02  0.985E-02
 153    0.142E+01  0.101E+01  0.101E+01  0.990E+00  0.990E+00  0.315E-02  0.315E-02  0.985E-02  0.985E-02
 154    0.142E+01  0.101E+01  0.101E+01  0.987E+00  0.987E+00  0.315E-02  0.315E-02  0.985E-02  0.985E-02
 155    0.143E+01  0.101E+01  0.101E+01  0.983E+00  0.983E+00  0.315E-02  0.315E-02  0.984E-02  0.984E-02
 156    0.143E+01  0.101E+01  0.101E+01  0.980E+00  0.980E+00  0.315E-02  0.315E-02  0.984E-02  0.984E-02
 157    0.143E+01  0.101E+01  0.101E+01  0.977E+00  0.977E+00  0.315E-02  0.315E-02  0.984E-02  0.984E-02
 158    0.144E+01  0.101E+01  0.101E+01  0.974E+00  0.974E+00  0.315E-02  0.315E-02  0.984E-02  0.984E-02
 159    0.144E+01  0.101E+01  0.101E+01  0.970E+00  0.970E+00  0.315E-02  0.315E-02  0.983E-02  0.983E-02
 160    0.144E+01  0.101E+01  0.101E+01  0.967E+00  0.967E+00  0.315E-02  0.315E-02  0.983E-02  0.983E-02
 161    0.145E+01  0.100E+01  0.100E+01  0.964E+00  0.964E+00  0.315E-02  0.315E-02  0.982E-02  0.982E-02
 162    0.145E+01  0.100E+01  0.100E+01  0.961E+00  0.961E+00  0.315E-02  0.315E-02  0.982E-02  0.982E-02
 163    0.145E+01  0.100E+01  0.100E+01  0.958E+00  0.958E+00  0.314E-02  0.314E-02  0.982E-02  0.982E-02
 164    0.145E+01  0.100E+01  0.100E+01  0.954E+00  0.954E+00  0.314E-02  0.314E-02  0.981E-02  0.981E-02
 165    0.146E+01  0.100E+01  0.100E+01  0.951E+00  0.951E+00  0.314E-02  0.314E-02  0.980E-02  0.980E-02
 166    0.146E+01  0.999E+00  0.999E+00  0.948E+00  0.948E+00  0.314E-02  0.314E-02  0.980E-02  0.980E-02
 167    0.146E+01  0.998E+00  0.998E+00  0.945E+00  0.945E+00  0.314E-02  0.314E-02  0.979E-02  0.979E-02
 168    0.147E+01  0.997E+00  0.997E+00  0.942E+00  0.942E+00  0.314E-02  0.314E-02  0.979E-02  0.979E-02
 169    0.147E+01  0.996E+00  0.996E+00  0.939E+00  0.939E+00  0.313E-02  0.313E-02  0.978E-02  0.978E-02
 170    0.147E+01  0.995E+00  0.995E+00  0.936E+00  0.936E+00  0.313E-02  0.313E-02  0.977E-02  0.977E-02
 171    0.148E+01  0.994E+00  0.994E+00  0.932E+00  0.932E+00  0.313E-02  0.313E-02  0.976E-02  0.976E-02
 172    0.148E+01  0.993E+00  0.993E+00  0.929E+00  0.929E+00  0.313E-02  0.313E-02  0.975E-02  0.975E-02
 173    0.148E+01  0.992E+00  0.992E+00  0.926E+00  0.926E+00  0.312E-02  0.312E-02  0.975E-02  0.975E-02
 174    0.149E+01  0.991E+00  0.991E+00  0.923E+00  0.923E+00  0.312E-02  0.312E-02  0.974E-02  0.974E-02
 175    0.149E+01  0.990E+00  0.990E+00  0.920E+00  0.920E+00  0.312E-02  0.312E-02  0.973E-02  0.973E-02
 176    0.149E+01  0.989E+00  0.989E+00  0.917E+00  0.917E+00  0.311E-02  0.311E-02  0.972E-02  0.972E-02
 177    0.150E+01  0.988E+00  0.988E+00  0.914E+00  0.914E+00  0.311E-02  0.311E-02  0.971E-02  0.971E-02
 178    0.150E+01  0.987E+00  0.987E+00  0.911E+00  0.911E+00  0.311E-02  0.311E-02  0.970E-02  0.970E-02
 179    0.151E+01  0.985E+00  0.985E+00  0.908E+00  0.908E+00  0.310E-02  0.310E-02  0.969E-02  0.969E-02
 180    0.151E+01  0.984E+00  0.984E+00  0.905E+00  0.905E+00  0.310E-02  0.310E-02  0.968E-02  0.968E-02
 181    0.151E+01  0.983E+00  0.983E+00  0.902E+00  0.902E+00  0.310E-02  0.310E-02  0.966E-02  0.966E-02
 182    0.152E+01  0.982E+00  0.982E+00  0.899E+00  0.899E+00  0.309E-02  0.309E-02  0.965E-02  0.965E-02
 183    0.152E+01  0.981E+00  0.981E+00  0.896E+00  0.896E+00  0.309E-02  0.309E-02  0.964E-02  0.964E-02
 184    0.152E+01  0.980E+00  0.980E+00  0.893E+00  0.893E+00  0.308E-02  0.308E-02  0.963E-02  0.963E-02
 185    0.153E+01  0.979E+00  0.979E+00  0.890E+00  0.890E+00  0.308E-02  0.308E-02  0.961E-02  0.961E-02
 186    0.153E+01  0.978E+00  0.978E+00  0.888E+00  0.888E+00  0.308E-02  0.308E-02  0.960E-02  0.960E-02
 187    0.153E+01  0.977E+00  0.977E+00  0.885E+00  0.885E+00  0.307E-02  0.307E-02  0.959E-02  0.959E-02
 188    0.154E+01  0.976E+00  0.976E+00  0.882E+00  0.882E+00  0.307E-02  0.307E-02  0.957E-02  0.957E-02
 189    0.154E+01  0.975E+00  0.975E+00  0.879E+00  0.879E+00  0.306E-02  0.306E-02  0.956E-02  0.956E-02
 190    0.154E+01  0.974E+00  0.974E+00  0.876E+00  0.876E+00  0.306E-02  0.306E-02  0.954E-02  0.954E-02
 191    0.155E+01  0.973E+00  0.973E+00  0.873E+00  0.873E+00  0.305E-02  0.305E-02  0.953E-02  0.953E-02
 192    0.155E+01  0.972E+00  0.972E+00  0.870E+00  0.870E+00  0.305E-02  0.305E-02  0.951E-02  0.951E-02
 193    0.155E+01  0.971E+00  0.971E+00  0.868E+00  0.868E+00  0.304E-02  0.304E-02  0.950E-02  0.950E-02
 194    0.156E+01  0.970E+00  0.970E+00  0.865E+00  0.865E+00  0.304E-02  0.304E-02  0.948E-02  0.948E-02
 195    0.156E+01  0.969E+00  0.969E+00  0.862E+00  0.862E+00  0.303E-02  0.303E-02  0.946E-02  0.946E-02
 196    0.156E+01  0.968E+00  0.968E+00  0.859E+00  0.859E+00  0.303E-02  0.303E-02  0.945E-02  0.945E-02
 197    0.157E+01  0.967E+00  0.967E+00  0.857E+00  0.857E+00  0.302E-02  0.302E-02  0.943E-02  0.943E-02
 198    0.157E+01  0.966E+00  0.966E+00  0.854E+00  0.854E+00  0.302E-02  0.302E-02  0.941E-02  0.941E-02
 199    0.157E+01  0.965E+00  0.965E+00  0.851E+00  0.851E+00  0.301E-02  0.301E-02  0.940E-02  0.940E-02
 200    0.158E+01  0.964E+00  0.964E+00  0.848E+00  0.848E+00  0.300E-02  0.300E-02  0.938E-02  0.938E-02
 201    0.158E+01  0.963E+00  0.963E+00  0.846E+00  0.846E+00  0.300E-02  0.300E-02  0.936E-02  0.936E-02
 202    0.159E+01  0.962E+00  0.962E+00  0.843E+00  0.843E+00  0.299E-02  0.299E-02  0.934E-02  0.934E-02
 203    0.159E+01  0.961E+00  0.961E+00  0.840E+00  0.840E+00  0.299E-02  0.299E-02  0.932E-02  0.932E-02
 204    0.159E+01  0.960E+00  0.960E+00  0.838E+00  0.838E+00  0.298E-02  0.298E-02  0.930E-02  0.930E-02
 205    0.160E+01  0.959E+00  0.959E+00  0.835E+00  0.835E+00  0.297E-02  0.297E-02  0.928E-02  0.928E-02
 206    0.160E+01  0.958E+00  0.958E+00  0.833E+00  0.833E+00  0.297E-02  0.297E-02  0.926E-02  0.926E-02
 207    0.160E+01  0.957E+00  0.957E+00  0.830E+00  0.830E+00  0.296E-02  0.296E-02  0.924E-02  0.924E-02
 208    0.161E+01  0.956E+00  0.956E+00  0.827E+00  0.827E+00  0.295E-02  0.295E-02  0.922E-02  0.922E-02
 209    0.161E+01  0.956E+00  0.956E+00  0.825E+00  0.825E+00  0.295E-02  0.295E-02  0.920E-02  0.920E-02
 210    0.161E+01  0.955E+00  0.955E+00  0.822E+00  0.822E+00  0.294E-02  0.294E-02  0.918E-02  0.918E-02
 211    0.162E+01  0.954E+00  0.954E+00  0.820E+00  0.820E+00  0.293E-02  0.293E-02  0.916E-02  0.916E-02
 212    0.162E+01  0.953E+00  0.953E+00  0.817E+00  0.817E+00  0.293E-02  0.293E-02  0.914E-02  0.914E-02
 213    0.163E+01  0.952E+00  0.952E+00  0.815E+00  0.815E+00  0.292E-02  0.292E-02  0.911E-02  0.911E-02
 214    0.163E+01  0.951E+00  0.951E+00  0.812E+00  0.812E+00  0.291E-02  0.291E-02  0.909E-02  0.909E-02
 215    0.163E+01  0.950E+00  0.950E+00  0.810E+00  0.810E+00  0.291E-02  0.291E-02  0.907E-02  0.907E-02
 216    0.164E+01  0.949E+00  0.949E+00  0.807E+00  0.807E+00  0.290E-02  0.290E-02  0.905E-02  0.905E-02
 217    0.164E+01  0.948E+00  0.948E+00  0.805E+00  0.805E+00  0.289E-02  0.289E-02  0.902E-02  0.902E-02
 218    0.164E+01  0.947E+00  0.947E+00  0.802E+00  0.802E+00  0.288E-02  0.288E-02  0.900E-02  0.900E-02
 219    0.165E+01  0.946E+00  0.946E+00  0.800E+00  0.800E+00  0.288E-02  0.288E-02  0.898E-02  0.898E-02
 220    0.165E+01  0.945E+00  0.945E+00  0.797E+00  0.797E+00  0.287E-02  0.287E-02  0.895E-02  0.895E-02
 221    0.166E+01  0.944E+00  0.944E+00  0.795E+00  0.795E+00  0.286E-02  0.286E-02  0.893E-02  0.893E-02
 222    0.166E+01  0.943E+00  0.943E+00  0.792E+00  0.792E+00  0.285E-02  0.285E-02  0.891E-02  0.891E-02
 223    0.166E+01  0.942E+00  0.942E+00  0.790E+00  0.790E+00  0.285E-02  0.285E-02  0.888E-02  0.888E-02
 224    0.167E+01  0.942E+00  0.942E+00  0.788E+00  0.788E+00  0.284E-02  0.284E-02  0.886E-02  0.886E-02
 225    0.167E+01  0.941E+00  0.941E+00  0.785E+00  0.785E+00  0.283E-02  0.283E-02  0.883E-02  0.883E-02
 226    0.168E+01  0.940E+00  0.940E+00  0.783E+00  0.783E+00  0.282E-02  0.282E-02  0.881E-02  0.881E-02
 227    0.168E+01  0.939E+00  0.939E+00  0.781E+00  0.781E+00  0.281E-02  0.281E-02  0.878E-02  0.878E-02
 228    0.168E+01  0.938E+00  0.938E+00  0.778E+00  0.778E+00  0.280E-02  0.280E-02  0.875E-02  0.875E-02
 229    0.169E+01  0.937E+00  0.937E+00  0.776E+00  0.776E+00  0.280E-02  0.280E-02  0.873E-02  0.873E-02
 230    0.169E+01  0.936E+00  0.936E+00  0.774E+00  0.774E+00  0.279E-02  0.279E-02  0.870E-02  0.870E-02
 231    0.169E+01  0.935E+00  0.935E+00  0.771E+00  0.771E+00  0.278E-02  0.278E-02  0.867E-02  0.867E-02
 232    0.170E+01  0.934E+00  0.934E+00  0.769E+00  0.769E+00  0.277E-02  0.277E-02  0.865E-02  0.865E-02
 233    0.170E+01  0.934E+00  0.934E+00  0.767E+00  0.767E+00  0.276E-02  0.276E-02  0.862E-02  0.862E-02
 234    0.171E+01  0.933E+00  0.933E+00  0.765E+00  0.765E+00  0.275E-02  0.275E-02  0.859E-02  0.859E-02
 235    0.171E+01  0.932E+00  0.932E+00  0.762E+00  0.762E+00  0.274E-02  0.274E-02  0.857E-02  0.857E-02
 236    0.171E+01  0.931E+00  0.931E+00  0.760E+00  0.760E+00  0.274E-02  0.274E-02  0.854E-02  0.854E-02
 237    0.172E+01  0.930E+00  0.930E+00  0.758E+00  0.758E+00  0.273E-02  0.273E-02  0.851E-02  0.851E-02
 238    0.172E+01  0.929E+00  0.929E+00  0.756E+00  0.756E+00  0.272E-02  0.272E-02  0.848E-02  0.848E-02
 239    0.173E+01  0.928E+00  0.928E+00  0.754E+00  0.754E+00  0.271E-02  0.271E-02  0.846E-02  0.846E-02
 240    0.173E+01  0.927E+00  0.927E+00  0.752E+00  0.752E+00  0.270E-02  0.270E-02  0.843E-02  0.843E-02
 241    0.173E+01  0.927E+00  0.927E+00  0.749E+00  0.749E+00  0.269E-02  0.269E-02  0.840E-02  0.840E-02
 242    0.174E+01  0.926E+00  0.926E+00  0.747E+00  0.747E+00  0.268E-02  0.268E-02  0.837E-02  0.837E-02
 243    0.174E+01  0.925E+00  0.925E+00  0.745E+00  0.745E+00  0.267E-02  0.267E-02  0.834E-02  0.834E-02
 244    0.175E+01  0.924E+00  0.924E+00  0.743E+00  0.743E+00  0.266E-02  0.266E-02  0.831E-02  0.831E-02
 245    0.175E+01  0.923E+00  0.923E+00  0.741E+00  0.741E+00  0.265E-02  0.265E-02  0.828E-02  0.828E-02
 246    0.175E+01  0.922E+00  0.922E+00  0.739E+00  0.739E+00  0.264E-02  0.264E-02  0.825E-02  0.825E-02
 247    0.176E+01  0.922E+00  0.922E+00  0.737E+00  0.737E+00  0.263E-02  0.263E-02  0.822E-02  0.822E-02
 248    0.176E+01  0.921E+00  0.921E+00  0.735E+00  0.735E+00  0.263E-02  0.263E-02  0.819E-02  0.819E-02
 249    0.177E+01  0.920E+00  0.920E+00  0.733E+00  0.733E+00  0.262E-02  0.262E-02  0.816E-02  0.816E-02
 250    0.177E+01  0.919E+00  0.919E+00  0.731E+00  0.731E+00  0.261E-02  0.261E-02  0.813E-02  0.813E-02
 251    0.177E+01  0.918E+00  0.918E+00  0.729E+00  0.729E+00  0.260E-02  0.260E-02  0.810E-02  0.810E-02
 252    0.178E+01  0.918E+00  0.918E+00  0.727E+00  0.727E+00  0.259E-02  0.259E-02  0.807E-02  0.807E-02
 253    0.178E+01  0.917E+00  0.917E+00  0.725E+00  0.725E+00  0.258E-02  0.258E-02  0.804E-02  0.804E-02
 254    0.179E+01  0.916E+00  0.916E+00  0.723E+00  0.723E+00  0.257E-02  0.257E-02  0.801E-02  0.801E-02
 255    0.179E+01  0.915E+00  0.915E+00  0.721E+00  0.721E+00  0.256E-02  0.256E-02  0.798E-02  0.798E-02
 256    0.179E+01  0.914E+00  0.914E+00  0.719E+00  0.719E+00  0.255E-02  0.255E-02  0.795E-02  0.795E-02
 257    0.180E+01  0.914E+00  0.914E+00  0.717E+00  0.717E+00  0.254E-02  0.254E-02  0.792E-02  0.792E-02
 258    0.180E+01  0.913E+00  0.913E+00  0.715E+00  0.715E+00  0.253E-02  0.253E-02  0.789E-02  0.789E-02
 259    0.181E+01  0.912E+00  0.912E+00  0.713E+00  0.713E+00  0.252E-02  0.252E-02  0.786E-02  0.786E-02
 260    0.181E+01  0.911E+00  0.911E+00  0.711E+00  0.711E+00  0.251E-02  0.251E-02  0.782E-02  0.782E-02
 261    0.181E+01  0.910E+00  0.910E+00  0.709E+00  0.709E+00  0.250E-02  0.250E-02  0.779E-02  0.779E-02
 262    0.182E+01  0.910E+00  0.910E+00  0.707E+00  0.707E+00  0.249E-02  0.249E-02  0.776E-02  0.776E-02
 263    0.182E+01  0.909E+00  0.909E+00  0.706E+00  0.706E+00  0.248E-02  0.248E-02  0.773E-02  0.773E-02
 264    0.183E+01  0.908E+00  0.908E+00  0.704E+00  0.704E+00  0.247E-02  0.247E-02  0.770E-02  0.770E-02
 265    0.183E+01  0.907E+00  0.907E+00  0.702E+00  0.702E+00  0.246E-02  0.246E-02  0.767E-02  0.767E-02
 266    0.184E+01  0.907E+00  0.907E+00  0.700E+00  0.700E+00  0.245E-02  0.245E-02  0.763E-02  0.763E-02
 267    0.184E+01  0.906E+00  0.906E+00  0.698E+00  0.698E+00  0.244E-02  0.244E-02  0.760E-02  0.760E-02
 268    0.184E+01  0.905E+00  0.905E+00  0.697E+00  0.697E+00  0.243E-02  0.243E-02  0.757E-02  0.757E-02
 269    0.185E+01  0.904E+00  0.904E+00  0.695E+00  0.695E+00  0.241E-02  0.241E-02  0.754E-02  0.754E-02
 270    0.185E+01  0.904E+00  0.904E+00  0.693E+00  0.693E+00  0.240E-02  0.240E-02  0.750E-02  0.750E-02
 271    0.186E+01  0.903E+00  0.903E+00  0.691E+00  0.691E+00  0.239E-02  0.239E-02  0.747E-02  0.747E-02
 272    0.186E+01  0.902E+00  0.902E+00  0.689E+00  0.689E+00  0.238E-02  0.238E-02  0.744E-02  0.744E-02
 273    0.186E+01  0.901E+00  0.901E+00  0.688E+00  0.688E+00  0.237E-02  0.237E-02  0.741E-02  0.741E-02
 274    0.187E+01  0.901E+00  0.901E+00  0.686E+00  0.686E+00  0.236E-02  0.236E-02  0.737E-02  0.737E-02
 275    0.187E+01  0.900E+00  0.900E+00  0.684E+00  0.684E+00  0.235E-02  0.235E-02  0.734E-02  0.734E-02
 276    0.188E+01  0.899E+00  0.899E+00  0.683E+00  0.683E+00  0.234E-02  0.234E-02  0.731E-02  0.731E-02
 277    0.188E+01  0.899E+00  0.899E+00  0.681E+00  0.681E+00  0.233E-02  0.233E-02  0.727E-02  0.727E-02
 278    0.189E+01  0.898E+00  0.898E+00  0.679E+00  0.679E+00  0.232E-02  0.232E-02  0.724E-02  0.724E-02
 279    0.189E+01  0.897E+00  0.897E+00  0.678E+00  0.678E+00  0.231E-02  0.231E-02  0.721E-02  0.721E-02
 280    0.189E+01  0.897E+00  0.897E+00  0.676E+00  0.676E+00  0.230E-02  0.230E-02  0.717E-02  0.717E-02
 281    0.190E+01  0.896E+00  0.896E+00  0.674E+00  0.674E+00  0.228E-02  0.228E-02  0.713E-02  0.713E-02
 282    0.190E+01  0.895E+00  0.895E+00  0.673E+00  0.673E+00  0.227E-02  0.227E-02  0.709E-02  0.709E-02
 283    0.191E+01  0.894E+00  0.894E+00  0.671E+00  0.671E+00  0.225E-02  0.225E-02  0.703E-02  0.703E-02
 284    0.191E+01  0.894E+00  0.894E+00  0.669E+00  0.669E+00  0.223E-02  0.223E-02  0.697E-02  0.697E-02
 285    0.192E+01  0.893E+00  0.893E+00  0.668E+00  0.668E+00  0.220E-02  0.220E-02  0.688E-02  0.688E-02
 286    0.192E+01  0.892E+00  0.892E+00  0.666E+00  0.666E+00  0.217E-02  0.217E-02  0.676E-02  0.676E-02
 287    0.193E+01  0.892E+00  0.892E+00  0.665E+00  0.665E+00  0.211E-02  0.211E-02  0.660E-02  0.660E-02
 288    0.193E+01  0.891E+00  0.891E+00  0.663E+00  0.663E+00  0.204E-02  0.204E-02  0.637E-02  0.637E-02
 289    0.193E+01  0.890E+00  0.890E+00  0.662E+00  0.662E+00  0.195E-02  0.195E-02  0.607E-02  0.607E-02
 290    0.194E+01  0.890E+00  0.890E+00  0.660E+00  0.660E+00  0.182E-02  0.182E-02  0.568E-02  0.568E-02
 291    0.194E+01  0.889E+00  0.889E+00  0.659E+00  0.659E+00  0.166E-02  0.166E-02  0.519E-02  0.519E-02
 292    0.195E+01  0.888E+00  0.888E+00  0.657E+00  0.657E+00  0.147E-02  0.147E-02  0.460E-02  0.460E-02
 293    0.195E+01  0.888E+00  0.888E+00  0.656E+00  0.656E+00  0.126E-02  0.126E-02  0.392E-02  0.392E-02
 294    0.196E+01  0.887E+00  0.887E+00  0.654E+00  0.654E+00  0.102E-02  0.102E-02  0.317E-02  0.317E-02
 295    0.196E+01  0.886E+00  0.886E+00  0.653E+00  0.653E+00  0.767E-03  0.767E-03  0.239E-02  0.239E-02
 296    0.196E+01  0.886E+00  0.886E+00  0.651E+00  0.651E+00  0.527E-03  0.527E-03  0.164E-02  0.164E-02
 297    0.197E+01  0.885E+00  0.885E+00  0.650E+00  0.650E+00  0.313E-03  0.313E-03  0.977E-03  0.977E-03
 298    0.197E+01  0.885E+00  0.885E+00  0.648E+00  0.648E+00  0.145E-03  0.145E-03  0.451E-03  0.451E-03
 299    0.198E+01  0.884E+00  0.884E+00  0.647E+00  0.647E+00  0.369E-04  0.369E-04  0.115E-03  0.115E-03
 300    0.198E+01  0.883E+00  0.883E+00  0.645E+00  0.645E+00  0.000E+00  0.000E+00  0.000E+00  0.000E+00
 301    0.984E+00  0.984E+00  0.000E+00  0.000E+00
