      0  -0.22733E-02   0.22963E-02   0.18230E-03  -0.40861E-02   0.70465E-02
    100   0.13750E+00  -0.12080E+00   0.77024E-01  -0.37074E-01   0.15431E-01
    200   0.27979E+00  -0.23788E+00   0.13598E+00  -0.51672E-01   0.13320E-01
    300   0.42633E+00  -0.34383E+00   0.16457E+00  -0.39613E-01   0.31357E-03
    400   0.57898E+00  -0.43478E+00   0.15941E+00  -0.84682E-02  -0.13119E-01
    500   0.73853E+00  -0.50872E+00   0.12426E+00   0.28970E-01  -0.19485E-01
    600   0.90487E+00  -0.56595E+00   0.70561E-01   0.54670E-01  -0.10118E-01
    700   0.10779E+01  -0.60901E+00   0.11935E-01   0.61160E-01   0.50285E-02
    800   0.12571E+01  -0.63881E+00  -0.45134E-01   0.50151E-01   0.20399E-01
    900   0.14426E+01  -0.65934E+00  -0.94425E-01   0.30181E-01   0.25563E-01
   1000   0.16326E+01  -0.67400E+00  -0.13163E+00   0.50897E-02   0.20727E-01
   1100   0.18265E+01  -0.68431E+00  -0.15897E+00  -0.20537E-01   0.13848E-01
   1200   0.20225E+01  -0.69263E+00  -0.17816E+00  -0.41768E-01   0.27559E-02
   1300   0.22183E+01  -0.69993E+00  -0.19280E+00  -0.56373E-01  -0.69037E-02
   1400   0.24139E+01  -0.70964E+00  -0.20322E+00  -0.67269E-01  -0.16010E-01
   1500   0.26072E+01  -0.72217E+00  -0.20931E+00  -0.76580E-01  -0.23261E-01
   1600   0.27980E+01  -0.73750E+00  -0.21237E+00  -0.80492E-01  -0.24115E-01
   1700   0.29843E+01  -0.75660E+00  -0.21566E+00  -0.84916E-01  -0.28198E-01
   1800   0.31647E+01  -0.78089E+00  -0.21942E+00  -0.86619E-01  -0.37354E-01
   1900   0.33392E+01  -0.80697E+00  -0.22562E+00  -0.86201E-01  -0.46697E-01
   2000   0.35062E+01  -0.83685E+00  -0.22901E+00  -0.91462E-01  -0.50063E-01
   2100   0.36661E+01  -0.86422E+00  -0.22963E+00  -0.92746E-01  -0.51531E-01
   2200   0.38178E+01  -0.88992E+00  -0.22848E+00  -0.93276E-01  -0.51546E-01
   2300   0.39593E+01  -0.91278E+00  -0.22644E+00  -0.92816E-01  -0.47798E-01
   2400   0.40896E+01  -0.93538E+00  -0.22178E+00  -0.92652E-01  -0.50701E-01
   2500   0.42068E+01  -0.95281E+00  -0.21581E+00  -0.91378E-01  -0.47596E-01
   2600   0.43114E+01  -0.96948E+00  -0.20409E+00  -0.90127E-01  -0.48860E-01
   2700   0.44013E+01  -0.98223E+00  -0.19135E+00  -0.88542E-01  -0.53991E-01
   2800   0.44758E+01  -0.99084E+00  -0.17621E+00  -0.88352E-01  -0.54465E-01
   2900   0.45329E+01  -0.99587E+00  -0.15972E+00  -0.88543E-01  -0.53189E-01
   3000   0.45702E+01  -0.99400E+00  -0.14351E+00  -0.82672E-01  -0.57296E-01
   3100   0.45878E+01  -0.98524E+00  -0.12902E+00  -0.64481E-01  -0.54344E-01
   3200   0.45810E+01  -0.96976E+00  -0.10963E+00  -0.53837E-01  -0.47036E-01
   3300   0.45486E+01  -0.94765E+00  -0.89073E-01  -0.41296E-01  -0.40683E-01
   3400   0.44903E+01  -0.91938E+00  -0.64404E-01  -0.36853E-01  -0.36274E-01
   3500   0.44054E+01  -0.88143E+00  -0.41173E-01  -0.31074E-01  -0.35430E-01
   3600   0.42912E+01  -0.83819E+00  -0.13681E-01  -0.27349E-01  -0.34694E-01
   3700   0.41488E+01  -0.78930E+00   0.10955E-01  -0.14613E-01  -0.43815E-01
   3800   0.39727E+01  -0.73219E+00   0.34235E-01  -0.31233E-02  -0.42779E-01
   3900   0.37609E+01  -0.67081E+00   0.54507E-01   0.17057E-02  -0.33504E-01
   4000   0.35170E+01  -0.59774E+00   0.77371E-01   0.11098E-01  -0.96947E-02
   4100   0.32395E+01  -0.52026E+00   0.10594E+00   0.17610E-01   0.18497E-01
   4200   0.29231E+01  -0.44019E+00   0.13468E+00   0.29214E-01   0.32853E-01
   4300   0.25746E+01  -0.35478E+00   0.17078E+00   0.43483E-01   0.44067E-01
   4400   0.21903E+01  -0.26249E+00   0.20801E+00   0.56784E-01   0.42842E-01
   4500   0.17703E+01  -0.16391E+00   0.24787E+00   0.79704E-01   0.39931E-01
   4600   0.13158E+01  -0.57642E-01   0.29309E+00   0.96309E-01   0.39520E-01
   4700   0.82802E+00   0.58055E-01   0.34548E+00   0.11307E+00   0.44188E-01
   4800   0.30358E+00   0.17616E+00   0.39545E+00   0.12677E+00   0.60957E-01
   4900  -0.25560E+00   0.29752E+00   0.44494E+00   0.13833E+00   0.75733E-01
   5000  -0.84528E+00   0.42483E+00   0.49829E+00   0.15228E+00   0.83788E-01
   5100  -0.14686E+01   0.55603E+00   0.55321E+00   0.16534E+00   0.10280E+00
   5200  -0.21244E+01   0.69245E+00   0.60275E+00   0.18957E+00   0.11221E+00
   5300  -0.28140E+01   0.83037E+00   0.64954E+00   0.21729E+00   0.97554E-01
   5400  -0.35285E+01   0.97235E+00   0.68849E+00   0.25259E+00   0.80132E-01
   5500  -0.42727E+01   0.11256E+01   0.72140E+00   0.26940E+00   0.81463E-01
   5600  -0.50418E+01   0.12755E+01   0.75128E+00   0.28898E+00   0.89302E-01
   5700  -0.58298E+01   0.14343E+01   0.78677E+00   0.29704E+00   0.94060E-01
   5800  -0.66402E+01   0.15981E+01   0.82816E+00   0.29155E+00   0.13720E+00
   5900  -0.74640E+01   0.17608E+01   0.87115E+00   0.30442E+00   0.14514E+00
   6000  -0.83028E+01   0.19268E+01   0.91528E+00   0.31962E+00   0.15343E+00
   6100  -0.91488E+01   0.20895E+01   0.95042E+00   0.33037E+00   0.16391E+00
   6200  -0.10004E+02   0.22512E+01   0.98333E+00   0.33956E+00   0.17330E+00
   6300  -0.10856E+02   0.24114E+01   0.10047E+01   0.35380E+00   0.18386E+00
   6400  -0.11702E+02   0.25695E+01   0.10274E+01   0.36633E+00   0.18650E+00
   6500  -0.12540E+02   0.27205E+01   0.10423E+01   0.36070E+00   0.20588E+00
   6600  -0.13365E+02   0.28703E+01   0.10555E+01   0.36558E+00   0.20620E+00
   6700  -0.14169E+02   0.30171E+01   0.10472E+01   0.41103E+00   0.19769E+00
   6800  -0.14947E+02   0.31565E+01   0.10328E+01   0.45444E+00   0.19502E+00
   6900  -0.15703E+02   0.32869E+01   0.10081E+01   0.49673E+00   0.18678E+00
   7000  -0.16414E+02   0.34060E+01   0.99892E+00   0.50396E+00   0.17075E+00
   7100  -0.17085E+02   0.35170E+01   0.10010E+01   0.50256E+00   0.16253E+00
   7200  -0.17710E+02   0.36219E+01   0.99681E+00   0.49012E+00   0.14959E+00
   7300  -0.18284E+02   0.37139E+01   0.96745E+00   0.47600E+00   0.15250E+00
   7400  -0.18809E+02   0.37978E+01   0.92302E+00   0.42766E+00   0.17971E+00
   7500  -0.19260E+02   0.38673E+01   0.87014E+00   0.38559E+00   0.18744E+00
   7600  -0.19648E+02   0.39219E+01   0.81506E+00   0.34553E+00   0.20088E+00
   7700  -0.19946E+02   0.39590E+01   0.77809E+00   0.31805E+00   0.21734E+00
   7800  -0.20169E+02   0.39567E+01   0.72395E+00   0.28554E+00   0.19352E+00
   7900  -0.20315E+02   0.39419E+01   0.66049E+00   0.26592E+00   0.17359E+00
   8000  -0.20355E+02   0.39007E+01   0.60020E+00   0.23812E+00   0.20793E+00
   8100  -0.20308E+02   0.38374E+01   0.52867E+00   0.20672E+00   0.19983E+00
   8200  -0.20147E+02   0.37623E+01   0.43927E+00   0.16987E+00   0.20019E+00
   8300  -0.19880E+02   0.36690E+01   0.34854E+00   0.14761E+00   0.22483E+00
   8400  -0.19502E+02   0.35574E+01   0.22913E+00   0.12669E+00   0.22708E+00
   8500  -0.19004E+02   0.34314E+01   0.11825E+00   0.99153E-01   0.24142E+00
   8600  -0.18377E+02   0.32816E+01  -0.64254E-02   0.48997E-01   0.20187E+00
   8700  -0.17630E+02   0.31123E+01  -0.14366E+00   0.89783E-02   0.12002E+00
   8800  -0.16738E+02   0.29224E+01  -0.27781E+00  -0.62368E-01   0.76314E-01
   8900  -0.15713E+02   0.27082E+01  -0.40802E+00  -0.13212E+00   0.54404E-01
   9000  -0.14545E+02   0.24704E+01  -0.54130E+00  -0.21289E+00   0.65192E-02
   9100  -0.13234E+02   0.21945E+01  -0.67204E+00  -0.26992E+00  -0.10972E-01
   9200  -0.11799E+02   0.18826E+01  -0.83428E+00  -0.34866E+00  -0.61269E-01
   9300  -0.10208E+02   0.15552E+01  -0.99398E+00  -0.41918E+00  -0.11213E+00
   9400  -0.84628E+01   0.12067E+01  -0.11421E+01  -0.47028E+00  -0.17504E+00
   9500  -0.65919E+01   0.84367E+00  -0.13166E+01  -0.54619E+00  -0.19097E+00
   9600  -0.45850E+01   0.44364E+00  -0.14996E+01  -0.63187E+00  -0.20251E+00
   9700  -0.24136E+01   0.37141E-01  -0.16650E+01  -0.68121E+00  -0.19802E+00
   9800  -0.12253E+00  -0.38883E+00  -0.18505E+01  -0.75987E+00  -0.23100E+00
   9900   0.22896E+01  -0.83962E+00  -0.20441E+01  -0.83640E+00  -0.28152E+00
  10000   0.48138E+01  -0.13263E+01  -0.22232E+01  -0.95609E+00  -0.35277E+00
  10100   0.74650E+01  -0.18319E+01  -0.23769E+01  -0.10345E+01  -0.46947E+00
  10200   0.10224E+02  -0.23518E+01  -0.25417E+01  -0.10529E+01  -0.53769E+00
  10300   0.13103E+02  -0.28693E+01  -0.27025E+01  -0.10962E+01  -0.51909E+00
  10400   0.16081E+02  -0.34151E+01  -0.28879E+01  -0.10843E+01  -0.55349E+00
  10500   0.19148E+02  -0.39732E+01  -0.30540E+01  -0.11391E+01  -0.51270E+00
  10600   0.22284E+02  -0.45529E+01  -0.32397E+01  -0.12119E+01  -0.50404E+00
  10700   0.25506E+02  -0.51758E+01  -0.33891E+01  -0.12752E+01  -0.62597E+00
  10800   0.28773E+02  -0.58015E+01  -0.35180E+01  -0.13230E+01  -0.74493E+00
  10900   0.32083E+02  -0.64523E+01  -0.36242E+01  -0.14033E+01  -0.82843E+00
  11000   0.35439E+02  -0.70882E+01  -0.36986E+01  -0.14147E+01  -0.88360E+00
  11100   0.38807E+02  -0.77207E+01  -0.37743E+01  -0.14070E+01  -0.94055E+00
  11200   0.42194E+02  -0.83114E+01  -0.38496E+01  -0.13768E+01  -0.94704E+00
  11300   0.45563E+02  -0.89005E+01  -0.39825E+01  -0.13539E+01  -0.97516E+00
  11400   0.48885E+02  -0.94311E+01  -0.41422E+01  -0.13823E+01  -0.96484E+00
  11500   0.52159E+02  -0.99455E+01  -0.42311E+01  -0.14299E+01  -0.94482E+00
  11600   0.55362E+02  -0.10458E+02  -0.42534E+01  -0.15526E+01  -0.82908E+00
  11700   0.58446E+02  -0.10941E+02  -0.42613E+01  -0.16294E+01  -0.89114E+00
  11800   0.61459E+02  -0.11367E+02  -0.42344E+01  -0.16993E+01  -0.90705E+00
  11900   0.64318E+02  -0.11797E+02  -0.41693E+01  -0.17189E+01  -0.10172E+01
  12000   0.67043E+02  -0.12214E+02  -0.40785E+01  -0.17100E+01  -0.11235E+01
  12100   0.69584E+02  -0.12587E+02  -0.40041E+01  -0.16686E+01  -0.11288E+01
  12200   0.71935E+02  -0.12912E+02  -0.39462E+01  -0.15739E+01  -0.10940E+01
  12300   0.74066E+02  -0.13218E+02  -0.38327E+01  -0.14703E+01  -0.98727E+00
  12400   0.75964E+02  -0.13456E+02  -0.36432E+01  -0.13482E+01  -0.90822E+00
  12500   0.77561E+02  -0.13668E+02  -0.34339E+01  -0.12916E+01  -0.78161E+00
  12600   0.78904E+02  -0.13847E+02  -0.31468E+01  -0.12486E+01  -0.78934E+00
  12700   0.79914E+02  -0.13942E+02  -0.28097E+01  -0.12486E+01  -0.84832E+00
  12800   0.80607E+02  -0.13976E+02  -0.25009E+01  -0.11979E+01  -0.85490E+00
  12900   0.80970E+02  -0.13942E+02  -0.22510E+01  -0.10264E+01  -0.88888E+00
  13000   0.80948E+02  -0.13823E+02  -0.19492E+01  -0.92782E+00  -0.89759E+00
  13100   0.80505E+02  -0.13630E+02  -0.16483E+01  -0.86768E+00  -0.82673E+00
  13200   0.79643E+02  -0.13374E+02  -0.13427E+01  -0.83343E+00  -0.63717E+00
  13300   0.78365E+02  -0.12971E+02  -0.96468E+00  -0.75030E+00  -0.46088E+00
  13400   0.76636E+02  -0.12402E+02  -0.52873E+00  -0.64039E+00  -0.19234E+00
  13500   0.74426E+02  -0.11759E+02  -0.13063E+00  -0.47439E+00  -0.16423E+00
  13600   0.71760E+02  -0.10938E+02   0.23421E+00  -0.23438E+00  -0.23241E+00
  13700   0.68579E+02  -0.10060E+02   0.67706E+00  -0.48284E-01  -0.26217E+00
  13800   0.64875E+02  -0.91144E+01   0.11282E+01   0.23623E+00  -0.16061E+00
  13900   0.60704E+02  -0.80983E+01   0.16673E+01   0.43748E+00   0.22067E-01
  14000   0.55967E+02  -0.70555E+01   0.21837E+01   0.64556E+00   0.20869E+00
  14100   0.50714E+02  -0.58728E+01   0.27829E+01   0.90053E+00   0.29180E+00
  14200   0.44907E+02  -0.46829E+01   0.33428E+01   0.11463E+01   0.35121E+00
  14300   0.38564E+02  -0.33473E+01   0.39511E+01   0.14519E+01   0.53606E+00
  14400   0.31651E+02  -0.19599E+01   0.46005E+01   0.16722E+01   0.93574E+00
  14500   0.24164E+02  -0.48029E+00   0.52223E+01   0.19351E+01   0.11085E+01
  14600   0.16110E+02   0.10342E+01   0.58831E+01   0.22623E+01   0.96026E+00
  14700   0.76100E+01   0.27195E+01   0.66201E+01   0.25542E+01   0.10794E+01
  14800  -0.13893E+01   0.44932E+01   0.73838E+01   0.26208E+01   0.13758E+01
  14900  -0.10885E+02   0.64571E+01   0.80093E+01   0.26835E+01   0.16121E+01
  15000  -0.20912E+02   0.83969E+01   0.86165E+01   0.28077E+01   0.17062E+01
  15100  -0.31387E+02   0.10517E+02   0.91527E+01   0.30348E+01   0.17269E+01
  15200  -0.42278E+02   0.12721E+02   0.97059E+01   0.34636E+01   0.18922E+01
  15300  -0.53509E+02   0.14938E+02   0.10349E+02   0.38737E+01   0.22270E+01
  15400  -0.65106E+02   0.17160E+02   0.11071E+02   0.40052E+01   0.25702E+01
  15500  -0.76998E+02   0.19336E+02   0.11878E+02   0.41059E+01   0.27606E+01
  15600  -0.89127E+02   0.21564E+02   0.12569E+02   0.45615E+01   0.24490E+01
  15700  -0.10151E+03   0.23736E+02   0.13180E+02   0.49647E+01   0.23924E+01
  15800  -0.11404E+03   0.25926E+02   0.13615E+02   0.53783E+01   0.25125E+01
  15900  -0.12669E+03   0.28165E+02   0.13901E+02   0.56738E+01   0.27199E+01
  16000  -0.13949E+03   0.30317E+02   0.14236E+02   0.58624E+01   0.28171E+01
  16100  -0.15231E+03   0.32487E+02   0.14690E+02   0.59079E+01   0.27831E+01
  16200  -0.16517E+03   0.34617E+02   0.15108E+02   0.59634E+01   0.30446E+01
  16300  -0.17790E+03   0.36681E+02   0.15445E+02   0.61033E+01   0.32388E+01
  16400  -0.19059E+03   0.38665E+02   0.15570E+02   0.62490E+01   0.34900E+01
  16500  -0.20304E+03   0.40456E+02   0.15599E+02   0.62716E+01   0.38265E+01
  16600  -0.21508E+03   0.42121E+02   0.15547E+02   0.66810E+01   0.38634E+01
  16700  -0.22679E+03   0.43561E+02   0.15626E+02   0.67167E+01   0.40165E+01
  16800  -0.23800E+03   0.44845E+02   0.15783E+02   0.69443E+01   0.35358E+01
  16900  -0.24869E+03   0.46120E+02   0.15881E+02   0.66811E+01   0.36342E+01
  17000  -0.25877E+03   0.47221E+02   0.15671E+02   0.64105E+01   0.39309E+01
  17100  -0.26824E+03   0.48233E+02   0.15421E+02   0.59635E+01   0.42026E+01
  17200  -0.27688E+03   0.49304E+02   0.14980E+02   0.60630E+01   0.40517E+01
  17300  -0.28467E+03   0.50122E+02   0.14648E+02   0.60957E+01   0.39232E+01
  17400  -0.29135E+03   0.50854E+02   0.14407E+02   0.59207E+01   0.40082E+01
  17500  -0.29717E+03   0.51181E+02   0.13941E+02   0.55750E+01   0.40309E+01
  17600  -0.30184E+03   0.51308E+02   0.13276E+02   0.53774E+01   0.39450E+01
  17700  -0.30534E+03   0.51180E+02   0.12529E+02   0.53543E+01   0.34749E+01
  17800  -0.30755E+03   0.50836E+02   0.11713E+02   0.50342E+01   0.29878E+01
  17900  -0.30842E+03   0.50267E+02   0.10807E+02   0.44557E+01   0.25071E+01
  18000  -0.30791E+03   0.49335E+02   0.95740E+01   0.38282E+01   0.24946E+01
  18100  -0.30584E+03   0.48010E+02   0.83070E+01   0.28128E+01   0.28352E+01
  18200  -0.30207E+03   0.46511E+02   0.69201E+01   0.19788E+01   0.28251E+01
  18300  -0.29660E+03   0.44673E+02   0.56676E+01   0.13034E+01   0.26187E+01
  18400  -0.28957E+03   0.42536E+02   0.38005E+01   0.86248E+00   0.16882E+01
  18500  -0.28078E+03   0.39759E+02   0.19800E+01   0.14739E+00   0.13564E+01
  18600  -0.27005E+03   0.36777E+02   0.22279E+00  -0.59599E+00   0.95803E+00
  18700  -0.25744E+03   0.33584E+02  -0.15910E+01  -0.11241E+01   0.94494E+00
  18800  -0.24293E+03   0.30035E+02  -0.38520E+01  -0.15163E+01   0.90035E-02
  18900  -0.22659E+03   0.26249E+02  -0.61771E+01  -0.20478E+01  -0.10725E+01
  19000  -0.20827E+03   0.22258E+02  -0.84367E+01  -0.30429E+01  -0.93786E+00
  19100  -0.18800E+03   0.18089E+02  -0.10643E+02  -0.39622E+01  -0.73869E+00
  19200  -0.16579E+03   0.13671E+02  -0.12846E+02  -0.51072E+01  -0.14748E+01
  19300  -0.14170E+03   0.90173E+01  -0.14805E+02  -0.64560E+01  -0.22547E+01
  19400  -0.11579E+03   0.38187E+01  -0.17174E+02  -0.77173E+01  -0.24973E+01
  19500  -0.88094E+02  -0.16718E+01  -0.19416E+02  -0.90249E+01  -0.26398E+01
  19600  -0.58196E+02  -0.74153E+01  -0.22069E+02  -0.10046E+02  -0.32175E+01
  19700  -0.26521E+02  -0.13435E+02  -0.24739E+02  -0.10619E+02  -0.44638E+01
  19800   0.69678E+01  -0.19784E+02  -0.27595E+02  -0.10972E+02  -0.58894E+01
  19900   0.42226E+02  -0.26173E+02  -0.30238E+02  -0.11580E+02  -0.64096E+01
  20000   0.79581E+02  -0.32376E+02  -0.33069E+02  -0.12108E+02  -0.65999E+01
  20100   0.11852E+03  -0.38649E+02  -0.35603E+02  -0.13255E+02  -0.71770E+01
  20200   0.15940E+03  -0.45087E+02  -0.38227E+02  -0.14321E+02  -0.74553E+01
  20300   0.20157E+03  -0.52117E+02  -0.40589E+02  -0.15642E+02  -0.74849E+01
  20400   0.24522E+03  -0.59681E+02  -0.42407E+02  -0.16945E+02  -0.77978E+01
  20500   0.28989E+03  -0.67802E+02  -0.44523E+02  -0.18541E+02  -0.73875E+01
  20600   0.33568E+03  -0.76246E+02  -0.46907E+02  -0.19705E+02  -0.70759E+01
  20700   0.38230E+03  -0.84378E+02  -0.48963E+02  -0.20907E+02  -0.63844E+01
  20800   0.42954E+03  -0.92721E+02  -0.51007E+02  -0.21666E+02  -0.66625E+01
  20900   0.47686E+03  -0.10078E+03  -0.52721E+02  -0.22370E+02  -0.71609E+01
  21000   0.52443E+03  -0.10922E+03  -0.54002E+02  -0.23531E+02  -0.75708E+01
  21100   0.57219E+03  -0.11710E+03  -0.55021E+02  -0.24041E+02  -0.87978E+01
  21200   0.61942E+03  -0.12463E+03  -0.56355E+02  -0.24254E+02  -0.10424E+02
  21300   0.66652E+03  -0.13201E+03  -0.57765E+02  -0.24534E+02  -0.12291E+02
  21400   0.71299E+03  -0.13881E+03  -0.58746E+02  -0.24799E+02  -0.12430E+02
  21500   0.75863E+03  -0.14519E+03  -0.59902E+02  -0.25531E+02  -0.11394E+02
  21600   0.80298E+03  -0.15139E+03  -0.60745E+02  -0.26891E+02  -0.10966E+02
  21700   0.84592E+03  -0.15717E+03  -0.61329E+02  -0.26073E+02  -0.12540E+02
  21800   0.88706E+03  -0.16210E+03  -0.61597E+02  -0.25604E+02  -0.14413E+02
  21900   0.92623E+03  -0.16626E+03  -0.61478E+02  -0.25389E+02  -0.13686E+02
  22000   0.96317E+03  -0.17001E+03  -0.61693E+02  -0.25033E+02  -0.13311E+02
  22100   0.99766E+03  -0.17307E+03  -0.61776E+02  -0.24418E+02  -0.13278E+02
  22200   0.10289E+04  -0.17574E+03  -0.61251E+02  -0.24854E+02  -0.12874E+02
  22300   0.10570E+04  -0.17846E+03  -0.60144E+02  -0.24189E+02  -0.14495E+02
  22400   0.10812E+04  -0.18036E+03  -0.58452E+02  -0.23724E+02  -0.15948E+02
  22500   0.11026E+04  -0.18120E+03  -0.56421E+02  -0.22241E+02  -0.15045E+02
  22600   0.11194E+04  -0.18101E+03  -0.54373E+02  -0.20845E+02  -0.14763E+02
  22700   0.11317E+04  -0.18004E+03  -0.52318E+02  -0.19096E+02  -0.12975E+02
  22800   0.11391E+04  -0.17850E+03  -0.49435E+02  -0.18036E+02  -0.10830E+02
  22900   0.11412E+04  -0.17551E+03  -0.45343E+02  -0.17757E+02  -0.91234E+01
  23000   0.11381E+04  -0.17206E+03  -0.40312E+02  -0.17047E+02  -0.86366E+01
  23100   0.11293E+04  -0.16773E+03  -0.34617E+02  -0.15662E+02  -0.80985E+01
  23200   0.11146E+04  -0.16274E+03  -0.28975E+02  -0.12201E+02  -0.80995E+01
  23300   0.10940E+04  -0.15634E+03  -0.22004E+02  -0.91459E+01  -0.53794E+01
  23400   0.10674E+04  -0.14877E+03  -0.14908E+02  -0.67196E+01  -0.19240E+01
  23500   0.10339E+04  -0.14002E+03  -0.78499E+01  -0.50885E+01  -0.51572E+00
  23600   0.99392E+03  -0.12969E+03  -0.10233E+00  -0.46115E+01   0.14946E+01
  23700   0.94746E+03  -0.11893E+03   0.62508E+01  -0.20758E+01   0.28035E+01
  23800   0.89383E+03  -0.10763E+03   0.13801E+02   0.27166E+01   0.30040E+01
  23900   0.83335E+03  -0.95952E+02   0.20635E+02   0.97266E+01   0.17149E+01
  24000   0.76583E+03  -0.84016E+02   0.29343E+02   0.14264E+02   0.13997E+01
  24100   0.69120E+03  -0.71034E+02   0.39580E+02   0.14810E+02   0.51140E+01
  24200   0.60899E+03  -0.56411E+02   0.49427E+02   0.16098E+02   0.98306E+01
  24300   0.51909E+03  -0.39554E+02   0.58651E+02   0.16372E+02   0.13406E+02
  24400   0.42193E+03  -0.21396E+02   0.66829E+02   0.20617E+02   0.16906E+02
  24500   0.31806E+03  -0.11017E+01   0.75483E+02   0.24643E+02   0.17936E+02
  24600   0.20693E+03   0.19709E+02   0.83870E+02   0.28067E+02   0.16020E+02
  24700   0.88650E+02   0.41562E+02   0.91727E+02   0.32901E+02   0.13907E+02
  24800  -0.35949E+02   0.64889E+02   0.99458E+02   0.37142E+02   0.15538E+02
  24900  -0.16714E+03   0.88790E+02   0.10643E+03   0.43394E+02   0.15237E+02
  25000  -0.30397E+03   0.11451E+03   0.11523E+03   0.50174E+02   0.19330E+02
  25100  -0.44801E+03   0.13949E+03   0.12379E+03   0.52738E+02   0.21731E+02
  25200  -0.59820E+03   0.16546E+03   0.13247E+03   0.55297E+02   0.28469E+02
  25300  -0.75286E+03   0.19224E+03   0.13958E+03   0.57662E+02   0.31165E+02
  25400  -0.91191E+03   0.22012E+03   0.14671E+03   0.62152E+02   0.35372E+02
  25500  -0.10753E+04   0.24815E+03   0.15382E+03   0.63403E+02   0.36855E+02
  25600  -0.12422E+04   0.27679E+03   0.16186E+03   0.62531E+02   0.38998E+02
  25700  -0.14118E+04   0.30291E+03   0.17015E+03   0.66641E+02   0.34641E+02
  25800  -0.15821E+04   0.32933E+03   0.17877E+03   0.73849E+02   0.30273E+02
  25900  -0.17527E+04   0.35592E+03   0.18636E+03   0.79099E+02   0.35959E+02
  26000  -0.19248E+04   0.38139E+03   0.19187E+03   0.81230E+02   0.48768E+02
  26100  -0.20971E+04   0.40696E+03   0.19334E+03   0.84488E+02   0.53762E+02
  26200  -0.22688E+04   0.43102E+03   0.19586E+03   0.87567E+02   0.49424E+02
  26300  -0.24389E+04   0.45375E+03   0.19636E+03   0.89445E+02   0.42498E+02
  26400  -0.26062E+04   0.47619E+03   0.19927E+03   0.93049E+02   0.42522E+02
  26500  -0.27704E+04   0.49732E+03   0.20127E+03   0.90833E+02   0.47205E+02
  26600  -0.29324E+04   0.51710E+03   0.20396E+03   0.87739E+02   0.48365E+02
  26700  -0.30886E+04   0.53744E+03   0.20568E+03   0.84710E+02   0.48815E+02
  26800  -0.32394E+04   0.55710E+03   0.20873E+03   0.81979E+02   0.51394E+02
  26900  -0.33818E+04   0.57605E+03   0.21016E+03   0.85234E+02   0.51435E+02
  27000  -0.35172E+04   0.59469E+03   0.20733E+03   0.90628E+02   0.48556E+02
  27100  -0.36436E+04   0.61006E+03   0.20313E+03   0.97533E+02   0.48560E+02
  27200  -0.37592E+04   0.62336E+03   0.20192E+03   0.95554E+02   0.56120E+02
  27300  -0.38630E+04   0.63175E+03   0.20122E+03   0.86668E+02   0.61539E+02
  27400  -0.39534E+04   0.63642E+03   0.19759E+03   0.77655E+02   0.60049E+02
  27500  -0.40292E+04   0.63864E+03   0.19304E+03   0.76121E+02   0.47382E+02
  27600  -0.40887E+04   0.63784E+03   0.18404E+03   0.70351E+02   0.38381E+02
  27700  -0.41328E+04   0.63778E+03   0.17338E+03   0.65388E+02   0.38081E+02
  27800  -0.41587E+04   0.63483E+03   0.16075E+03   0.61042E+02   0.38936E+02
  27900  -0.41636E+04   0.62770E+03   0.14943E+03   0.53493E+02   0.42608E+02
  28000  -0.41497E+04   0.61829E+03   0.13396E+03   0.50022E+02   0.40805E+02
  28100  -0.41168E+04   0.60240E+03   0.11869E+03   0.41372E+02   0.41040E+02
  28200  -0.40601E+04   0.58525E+03   0.10095E+03   0.34210E+02   0.38372E+02
  28300  -0.39841E+04   0.56179E+03   0.82929E+02   0.25443E+02   0.31724E+02
  28400  -0.38843E+04   0.53163E+03   0.60048E+02   0.19655E+02   0.25225E+02
  28500  -0.37614E+04   0.49951E+03   0.34931E+02   0.11185E+02   0.16159E+02
  28600  -0.36142E+04   0.46297E+03   0.95814E+01  -0.25732E+01   0.13579E+02
  28700  -0.34417E+04   0.42021E+03  -0.17403E+02  -0.18391E+02   0.84812E+01
  28800  -0.32454E+04   0.37476E+03  -0.46589E+02  -0.36288E+02   0.20228E+01
  28900  -0.30228E+04   0.32793E+03  -0.74387E+02  -0.45882E+02  -0.82857E+00
  29000  -0.27753E+04   0.27810E+03  -0.10308E+03  -0.59147E+02  -0.12109E+02
  29100  -0.25024E+04   0.22402E+03  -0.13794E+03  -0.71699E+02  -0.21206E+02
  29200  -0.22031E+04   0.16406E+03  -0.16233E+03  -0.88797E+02  -0.20898E+02
  29300  -0.18763E+04   0.10258E+03  -0.19006E+03  -0.10814E+03  -0.32420E+02
  29400  -0.15250E+04   0.33789E+02  -0.22249E+03  -0.12343E+03  -0.43294E+02
  29500  -0.11481E+04  -0.37941E+02  -0.25587E+03  -0.13726E+03  -0.45247E+02
  29600  -0.74612E+03  -0.11526E+03  -0.28554E+03  -0.16210E+03  -0.44750E+02
  29700  -0.31924E+03  -0.19358E+03  -0.31514E+03  -0.16540E+03  -0.59732E+02
  29800   0.13418E+03  -0.27411E+03  -0.34594E+03  -0.15742E+03  -0.76217E+02
  29900   0.61296E+03  -0.35713E+03  -0.37885E+03  -0.15225E+03  -0.83556E+02
  30000   0.11147E+04  -0.44064E+03  -0.40997E+03  -0.15303E+03  -0.75635E+02
  30100   0.16367E+04  -0.53026E+03  -0.43371E+03  -0.17759E+03  -0.65156E+02
  30200   0.21771E+04  -0.62616E+03  -0.46568E+03  -0.18803E+03  -0.80782E+02
  30300   0.27355E+04  -0.72275E+03  -0.49571E+03  -0.20442E+03  -0.10766E+03
  30400   0.33133E+04  -0.81806E+03  -0.52967E+03  -0.21099E+03  -0.11895E+03
  30500   0.39041E+04  -0.91438E+03  -0.56583E+03  -0.21721E+03  -0.13414E+03
  30600   0.45114E+04  -0.10071E+04  -0.59589E+03  -0.22961E+03  -0.13561E+03
  30700   0.51299E+04  -0.11017E+04  -0.62664E+03  -0.23212E+03  -0.13399E+03
  30800   0.57539E+04  -0.11996E+04  -0.64940E+03  -0.24152E+03  -0.13789E+03
  30900   0.63832E+04  -0.12996E+04  -0.67695E+03  -0.26070E+03  -0.14844E+03
  31000   0.70177E+04  -0.13902E+04  -0.70214E+03  -0.26358E+03  -0.16125E+03
  31100   0.76521E+04  -0.14806E+04  -0.74169E+03  -0.27716E+03  -0.16923E+03
  31200   0.82812E+04  -0.15701E+04  -0.77438E+03  -0.28581E+03  -0.17811E+03
  31300   0.89074E+04  -0.16563E+04  -0.79889E+03  -0.31239E+03  -0.17522E+03
  31400   0.95271E+04  -0.17389E+04  -0.81467E+03  -0.33089E+03  -0.16049E+03
  31500   0.10133E+05  -0.18221E+04  -0.82151E+03  -0.33978E+03  -0.16059E+03
  31600   0.10723E+05  -0.18952E+04  -0.82471E+03  -0.33466E+03  -0.16350E+03
  31700   0.11294E+05  -0.19606E+04  -0.82222E+03  -0.32431E+03  -0.16201E+03
  31800   0.11834E+05  -0.20193E+04  -0.82705E+03  -0.31538E+03  -0.20630E+03
  31900   0.12340E+05  -0.20729E+04  -0.82976E+03  -0.30928E+03  -0.24396E+03
  32000   0.12812E+05  -0.21186E+04  -0.81209E+03  -0.32907E+03  -0.25847E+03
  32100   0.13254E+05  -0.21594E+04  -0.78855E+03  -0.34593E+03  -0.23525E+03
  32200   0.13654E+05  -0.21856E+04  -0.77166E+03  -0.34306E+03  -0.23845E+03
  32300   0.14016E+05  -0.22088E+04  -0.74964E+03  -0.33016E+03  -0.23627E+03
  32400   0.14324E+05  -0.22291E+04  -0.72906E+03  -0.29896E+03  -0.22735E+03
  32500   0.14590E+05  -0.22430E+04  -0.68939E+03  -0.26644E+03  -0.20559E+03
  32600   0.14796E+05  -0.22552E+04  -0.64315E+03  -0.25269E+03  -0.19163E+03
  32700   0.14940E+05  -0.22538E+04  -0.59725E+03  -0.24053E+03  -0.17460E+03
  32800   0.15018E+05  -0.22367E+04  -0.55543E+03  -0.24025E+03  -0.14988E+03
  32900   0.15035E+05  -0.22000E+04  -0.51837E+03  -0.20475E+03  -0.16198E+03
  33000   0.14986E+05  -0.21410E+04  -0.49140E+03  -0.15818E+03  -0.16587E+03
  33100   0.14864E+05  -0.20604E+04  -0.45059E+03  -0.10330E+03  -0.16343E+03
  33200   0.14668E+05  -0.19782E+04  -0.38738E+03  -0.81772E+02  -0.15089E+03
  33300   0.14388E+05  -0.18863E+04  -0.29455E+03  -0.87497E+02  -0.92223E+02
  33400   0.14027E+05  -0.17961E+04  -0.19092E+03  -0.60037E+02  -0.74192E+02
  33500   0.13578E+05  -0.16863E+04  -0.77670E+02  -0.25371E+02  -0.76002E+02
  33600   0.13040E+05  -0.15651E+04   0.29279E+02   0.24542E+02  -0.91587E+02
  33700   0.12415E+05  -0.14196E+04   0.13004E+03   0.72994E+02  -0.94372E+02
  33800   0.11685E+05  -0.12646E+04   0.22947E+03   0.10729E+03  -0.33542E+02
  33900   0.10856E+05  -0.11054E+04   0.32467E+03   0.14915E+03  -0.14893E+02
  34000   0.99410E+04  -0.91619E+03   0.41751E+03   0.21698E+03  -0.86368E+01
  34100   0.89287E+04  -0.71161E+03   0.50714E+03   0.26526E+03   0.38543E+02
  34200   0.78138E+04  -0.50205E+03   0.61192E+03   0.28664E+03   0.11423E+03
  34300   0.65981E+04  -0.29988E+03   0.71308E+03   0.31474E+03   0.15067E+03
  34400   0.53067E+04  -0.74884E+02   0.84129E+03   0.35158E+03   0.14850E+03
  34500   0.39131E+04   0.16912E+03   0.96302E+03   0.38768E+03   0.13769E+03
  34600   0.24435E+04   0.42209E+03   0.10786E+04   0.47612E+03   0.11430E+03
  34700   0.89081E+03   0.69651E+03   0.12199E+04   0.54191E+03   0.14856E+03
  34800  -0.75652E+03   0.97480E+03   0.13690E+04   0.59770E+03   0.22753E+03
  34900  -0.24875E+04   0.12605E+04   0.15055E+04   0.62098E+03   0.29163E+03
  35000  -0.42909E+04   0.15671E+04   0.16467E+04   0.65475E+03   0.36518E+03
  35100  -0.61746E+04   0.18884E+04   0.17621E+04   0.70745E+03   0.44731E+03
  35200  -0.81292E+04   0.22061E+04   0.18789E+04   0.75092E+03   0.47790E+03
  35300  -0.10153E+05   0.25337E+04   0.20064E+04   0.76199E+03   0.46752E+03
  35400  -0.12236E+05   0.28537E+04   0.21172E+04   0.77592E+03   0.48458E+03
  35500  -0.14364E+05   0.31757E+04   0.22359E+04   0.79703E+03   0.52236E+03
  35600  -0.16529E+05   0.35195E+04   0.23635E+04   0.84884E+03   0.50701E+03
  35700  -0.18741E+05   0.38697E+04   0.24751E+04   0.93050E+03   0.47254E+03
  35800  -0.20989E+05   0.42327E+04   0.25569E+04   0.93203E+03   0.51144E+03
  35900  -0.23261E+05   0.46040E+04   0.26020E+04   0.93950E+03   0.52462E+03
  36000  -0.25551E+05   0.49816E+04   0.26303E+04   0.98971E+03   0.58186E+03
  36100  -0.27838E+05   0.53798E+04   0.26289E+04   0.10281E+04   0.71309E+03
  36200  -0.30118E+05   0.57516E+04   0.26086E+04   0.10882E+04   0.80535E+03
  36300  -0.32371E+05   0.61000E+04   0.26688E+04   0.11038E+04   0.82281E+03
  36400  -0.34578E+05   0.63907E+04   0.27548E+04   0.11519E+04   0.70834E+03
  36500  -0.36736E+05   0.66482E+04   0.28534E+04   0.11520E+04   0.62494E+03
  36600  -0.38808E+05   0.69048E+04   0.29716E+04   0.11740E+04   0.64806E+03
  36700  -0.40820E+05   0.71342E+04   0.30357E+04   0.11491E+04   0.69484E+03
  36800  -0.42750E+05   0.73426E+04   0.30405E+04   0.11635E+04   0.68521E+03
  36900  -0.44579E+05   0.75657E+04   0.29521E+04   0.11329E+04   0.67658E+03
  37000  -0.46286E+05   0.77380E+04   0.28801E+04   0.11367E+04   0.62096E+03
  37100  -0.47868E+05   0.78943E+04   0.28094E+04   0.11356E+04   0.67093E+03
  37200  -0.49312E+05   0.79764E+04   0.27677E+04   0.11214E+04   0.51807E+03
  37300  -0.50580E+05   0.80482E+04   0.27213E+04   0.11288E+04   0.32872E+03
  37400  -0.51664E+05   0.81339E+04   0.25868E+04   0.11533E+04   0.33486E+03
  37500  -0.52558E+05   0.81779E+04   0.24652E+04   0.10675E+04   0.56698E+03
  37600  -0.53254E+05   0.81669E+04   0.22856E+04   0.10246E+04   0.67390E+03
  37700  -0.53739E+05   0.81046E+04   0.20926E+04   0.94964E+03   0.76098E+03
  37800  -0.53974E+05   0.79645E+04   0.19251E+04   0.83640E+03   0.68848E+03
  37900  -0.53948E+05   0.78065E+04   0.17526E+04   0.80174E+03   0.58240E+03
  38000  -0.53670E+05   0.76226E+04   0.15379E+04   0.66800E+03   0.71584E+03
  38100  -0.53140E+05   0.73801E+04   0.12708E+04   0.55223E+03   0.67072E+03
  38200  -0.52347E+05   0.71312E+04   0.10351E+04   0.44864E+03   0.56199E+03
  38300  -0.51268E+05   0.68362E+04   0.79883E+03   0.24054E+03   0.62861E+03
  38400  -0.49908E+05   0.64901E+04   0.53936E+03   0.59588E+02   0.56007E+03
  38500  -0.48278E+05   0.61092E+04   0.29210E+03  -0.12178E+03   0.48804E+03
  38600  -0.46335E+05   0.56457E+04   0.41266E+02  -0.29542E+03   0.35883E+03
  38700  -0.44081E+05   0.51712E+04  -0.27009E+03  -0.40707E+03   0.21585E+03
  38800  -0.41484E+05   0.46634E+04  -0.58343E+03  -0.47645E+03   0.22227E+02
  38900  -0.38559E+05   0.40866E+04  -0.96565E+03  -0.56872E+03  -0.14674E+02
  39000  -0.35245E+05   0.34456E+04  -0.13025E+04  -0.63357E+03  -0.21842E+03
  39100  -0.31618E+05   0.27046E+04  -0.17476E+04  -0.77761E+03  -0.42226E+03
  39200  -0.27627E+05   0.18947E+04  -0.22170E+04  -0.98373E+03  -0.42244E+03
  39300  -0.23233E+05   0.10619E+04  -0.26665E+04  -0.12042E+04  -0.35196E+03
  39400  -0.18519E+05   0.15147E+03  -0.31072E+04  -0.13071E+04  -0.47700E+03
  39500  -0.13418E+05  -0.82515E+03  -0.35411E+04  -0.13199E+04  -0.78311E+03
  39600  -0.80036E+04  -0.18538E+04  -0.39267E+04  -0.14434E+04  -0.99884E+03
  39700  -0.22668E+04  -0.28835E+04  -0.42885E+04  -0.16903E+04  -0.78643E+03
  39800   0.38033E+04  -0.39624E+04  -0.46451E+04  -0.20191E+04  -0.67045E+03
  39900   0.10152E+05  -0.50744E+04  -0.51875E+04  -0.22196E+04  -0.79046E+03
  40000   0.16767E+05  -0.61787E+04  -0.57106E+04  -0.24098E+04  -0.10293E+04
  40100   0.23600E+05  -0.73778E+04  -0.62977E+04  -0.26120E+04  -0.12687E+04
  40200   0.30683E+05  -0.85783E+04  -0.68526E+04  -0.28350E+04  -0.14421E+04
  40300   0.38027E+05  -0.98064E+04  -0.72224E+04  -0.29591E+04  -0.16422E+04
  40400   0.45558E+05  -0.11079E+05  -0.76142E+04  -0.31665E+04  -0.15316E+04
  40500   0.53254E+05  -0.12352E+05  -0.79806E+04  -0.34484E+04  -0.15093E+04
  40600   0.61118E+05  -0.13569E+05  -0.84178E+04  -0.35622E+04  -0.16523E+04
  40700   0.69096E+05  -0.14732E+05  -0.88490E+04  -0.36133E+04  -0.17414E+04
  40800   0.77136E+05  -0.15882E+05  -0.92641E+04  -0.37176E+04  -0.18727E+04
  40900   0.85248E+05  -0.16974E+05  -0.96842E+04  -0.37693E+04  -0.19671E+04
  41000   0.93399E+05  -0.18034E+05  -0.98940E+04  -0.37682E+04  -0.21154E+04
  41100   0.10151E+06  -0.19154E+05  -0.10027E+05  -0.38653E+04  -0.21779E+04
  41200   0.10952E+06  -0.20323E+05  -0.10030E+05  -0.41503E+04  -0.23151E+04
  41300   0.11739E+06  -0.21448E+05  -0.10097E+05  -0.42886E+04  -0.24946E+04
  41400   0.12510E+06  -0.22570E+05  -0.10172E+05  -0.43946E+04  -0.23884E+04
  41500   0.13266E+06  -0.23537E+05  -0.10303E+05  -0.44778E+04  -0.24107E+04
  41600   0.13999E+06  -0.24444E+05  -0.10519E+05  -0.45163E+04  -0.22781E+04
  41700   0.14708E+06  -0.25206E+05  -0.10596E+05  -0.45813E+04  -0.20077E+04
  41800   0.15381E+06  -0.25987E+05  -0.10560E+05  -0.46538E+04  -0.18732E+04
  41900   0.16014E+06  -0.26710E+05  -0.10505E+05  -0.46880E+04  -0.21624E+04
  42000   0.16611E+06  -0.27302E+05  -0.10357E+05  -0.45093E+04  -0.26231E+04
  42100   0.17159E+06  -0.27667E+05  -0.99581E+04  -0.43351E+04  -0.27232E+04
  42200   0.17655E+06  -0.28018E+05  -0.96192E+04  -0.42110E+04  -0.28178E+04
  42300   0.18086E+06  -0.28207E+05  -0.92096E+04  -0.41445E+04  -0.25782E+04
  42400   0.18465E+06  -0.28352E+05  -0.86539E+04  -0.39861E+04  -0.22632E+04
  42500   0.18760E+06  -0.28478E+05  -0.81942E+04  -0.39366E+04  -0.20415E+04
  42600   0.18987E+06  -0.28488E+05  -0.77435E+04  -0.39573E+04  -0.19405E+04
  42700   0.19138E+06  -0.28382E+05  -0.70907E+04  -0.36846E+04  -0.18825E+04
  42800   0.19205E+06  -0.28163E+05  -0.66713E+04  -0.31506E+04  -0.20021E+04
  42900   0.19191E+06  -0.27737E+05  -0.59276E+04  -0.27043E+04  -0.21041E+04
  43000   0.19073E+06  -0.27204E+05  -0.51359E+04  -0.22333E+04  -0.20766E+04
  43100   0.18871E+06  -0.26330E+05  -0.40924E+04  -0.22758E+04  -0.15029E+04
  43200   0.18563E+06  -0.25313E+05  -0.29712E+04  -0.23608E+04  -0.11147E+04
  43300   0.18152E+06  -0.24033E+05  -0.21331E+04  -0.18278E+04  -0.84721E+03
  43400   0.17630E+06  -0.22664E+05  -0.14009E+04  -0.10250E+04  -0.10000E+04
  43500   0.16998E+06  -0.21172E+05  -0.57665E+03   0.79950E+02  -0.10745E+04
  43600   0.16259E+06  -0.19352E+05   0.28885E+03   0.11720E+04  -0.27992E+03
  43700   0.15408E+06  -0.17410E+05   0.13548E+04   0.17745E+04   0.40290E+03
  43800   0.14428E+06  -0.15278E+05   0.24261E+04   0.21572E+04   0.79541E+03
  43900   0.13335E+06  -0.12997E+05   0.34566E+04   0.26948E+04   0.93486E+03
  44000   0.12126E+06  -0.10456E+05   0.47998E+04   0.28258E+04   0.11636E+04
  44100   0.10795E+06  -0.78516E+04   0.63810E+04   0.30192E+04   0.14119E+04
  44200   0.93449E+05  -0.50338E+04   0.79832E+04   0.31342E+04   0.16019E+04
  44300   0.77795E+05  -0.19205E+04   0.96560E+04   0.37540E+04   0.19697E+04
  44400   0.60892E+05   0.13829E+04   0.10915E+05   0.46277E+04   0.18048E+04
  44500   0.42732E+05   0.47965E+04   0.12047E+05   0.54116E+04   0.15346E+04
  44600   0.23611E+05   0.85086E+04   0.13355E+05   0.59591E+04   0.19259E+04
  44700   0.32715E+04   0.12179E+05   0.14722E+05   0.64741E+04   0.30099E+04
  44800  -0.18263E+05   0.15872E+05   0.16402E+05   0.68922E+04   0.41982E+04
  44900  -0.40780E+05   0.19521E+05   0.18127E+05   0.74814E+04   0.45752E+04
  45000  -0.64461E+05   0.23279E+05   0.19784E+05   0.81118E+04   0.49497E+04
  45100  -0.89090E+05   0.26834E+05   0.21241E+05   0.90584E+04   0.54883E+04
  45200  -0.11446E+06   0.30847E+05   0.22602E+05   0.10020E+05   0.58578E+04
  45300  -0.14071E+06   0.34730E+05   0.24161E+05   0.10873E+05   0.63017E+04
  45400  -0.16760E+06   0.38925E+05   0.25658E+05   0.11738E+05   0.66298E+04
  45500  -0.19520E+06   0.43311E+05   0.26979E+05   0.12230E+05   0.71933E+04
  45600  -0.22328E+06   0.47391E+05   0.28006E+05   0.12962E+05   0.72027E+04
  45700  -0.25169E+06   0.51539E+05   0.29409E+05   0.13797E+05   0.69446E+04
  45800  -0.28043E+06   0.55610E+05   0.30680E+05   0.13890E+05   0.74969E+04
  45900  -0.30929E+06   0.59812E+05   0.31994E+05   0.13982E+05   0.90125E+04
  46000  -0.33816E+06   0.64116E+05   0.32999E+05   0.14483E+05   0.95975E+04
  46100  -0.36681E+06   0.68268E+05   0.34125E+05   0.14910E+05   0.94818E+04
  46200  -0.39537E+06   0.72236E+05   0.34457E+05   0.15224E+05   0.88543E+04
  46300  -0.42337E+06   0.76161E+05   0.35145E+05   0.15768E+05   0.75044E+04
  46400  -0.45090E+06   0.80121E+05   0.35273E+05   0.16223E+05   0.71754E+04
  46500  -0.47774E+06   0.83622E+05   0.35258E+05   0.16103E+05   0.75991E+04
  46600  -0.50387E+06   0.86878E+05   0.34498E+05   0.15641E+05   0.82263E+04
  46700  -0.52886E+06   0.89841E+05   0.34387E+05   0.15501E+05   0.86251E+04
  46800  -0.55235E+06   0.92856E+05   0.34314E+05   0.16523E+05   0.76723E+04
  46900  -0.57459E+06   0.95321E+05   0.34839E+05   0.17350E+05   0.71299E+04
  47000  -0.59512E+06   0.97476E+05   0.35101E+05   0.16796E+05   0.76955E+04
  47100  -0.61411E+06   0.99216E+05   0.34766E+05   0.15412E+05   0.85099E+04
  47200  -0.63110E+06   0.10044E+06   0.35046E+05   0.13654E+05   0.85656E+04
  47300  -0.64605E+06   0.10087E+06   0.34162E+05   0.12473E+05   0.74008E+04
  47400  -0.65867E+06   0.10121E+06   0.32768E+05   0.12129E+05   0.64959E+04
  47500  -0.66901E+06   0.10119E+06   0.30912E+05   0.11167E+05   0.69773E+04
  47600  -0.67661E+06   0.10100E+06   0.28301E+05   0.10009E+05   0.71981E+04
  47700  -0.68188E+06   0.10031E+06   0.25220E+05   0.75883E+04   0.75553E+04
  47800  -0.68394E+06   0.99734E+05   0.22301E+05   0.66650E+04   0.77097E+04
  47900  -0.68287E+06   0.98282E+05   0.18549E+05   0.63962E+04   0.73296E+04
  48000  -0.67842E+06   0.96471E+05   0.14507E+05   0.70720E+04   0.65171E+04
  48100  -0.67067E+06   0.93601E+05   0.10331E+05   0.74879E+04   0.58549E+04
  48200  -0.65931E+06   0.89646E+05   0.61912E+04   0.68673E+04   0.42800E+04
  48300  -0.64411E+06   0.84967E+05   0.32330E+04   0.55737E+04   0.40431E+04
  48400  -0.62522E+06   0.79740E+05   0.42924E+03   0.30048E+04   0.41571E+04
  48500  -0.60251E+06   0.73585E+05  -0.14913E+04   0.21198E+03   0.34010E+04
  48600  -0.57571E+06   0.66833E+05  -0.35547E+04  -0.17821E+04   0.17255E+04
  48700  -0.54475E+06   0.59639E+05  -0.60780E+04  -0.30078E+04   0.10073E+04
  48800  -0.51034E+06   0.51284E+05  -0.10372E+05  -0.46783E+04  -0.77867E+02
  48900  -0.47124E+06   0.42463E+05  -0.15677E+05  -0.62465E+04  -0.28478E+04
  49000  -0.42736E+06   0.33916E+05  -0.19774E+05  -0.75553E+04  -0.46445E+04
  49100  -0.37945E+06   0.24093E+05  -0.24975E+05  -0.10073E+05  -0.50809E+04
  49200  -0.32738E+06   0.13392E+05  -0.28576E+05  -0.14317E+05  -0.42274E+04
  49300  -0.27066E+06   0.18421E+04  -0.32754E+05  -0.17463E+05  -0.44881E+04
  49400  -0.21010E+06  -0.97790E+04  -0.37591E+05  -0.20842E+05  -0.53405E+04
  49500  -0.14506E+06  -0.21953E+05  -0.42870E+05  -0.23434E+05  -0.54995E+04
  49600  -0.76097E+05  -0.33721E+05  -0.48128E+05  -0.25965E+05  -0.82995E+04
  49700  -0.27105E+04  -0.45458E+05  -0.54082E+05  -0.26925E+05  -0.13198E+05
  49800   0.73944E+05  -0.58055E+05  -0.59906E+05  -0.27970E+05  -0.18199E+05
  49900   0.15487E+06  -0.71611E+05  -0.65787E+05  -0.29091E+05  -0.18225E+05
  50000   0.23899E+06  -0.86161E+05  -0.70839E+05  -0.30585E+05  -0.18538E+05
  50100   0.32615E+06  -0.10142E+06  -0.76649E+05  -0.33162E+05  -0.17390E+05
  50200   0.41651E+06  -0.11616E+06  -0.83079E+05  -0.35548E+05  -0.15305E+05
  50300   0.50970E+06  -0.13072E+06  -0.90008E+05  -0.39120E+05  -0.12822E+05
  50400   0.60436E+06  -0.14489E+06  -0.97587E+05  -0.42992E+05  -0.11346E+05
  50500   0.70174E+06  -0.15897E+06  -0.10399E+06  -0.44295E+05  -0.12636E+05
  50600   0.80078E+06  -0.17313E+06  -0.10829E+06  -0.45505E+05  -0.15767E+05
  50700   0.90104E+06  -0.18793E+06  -0.11227E+06  -0.46394E+05  -0.17369E+05
  50800   0.10022E+07  -0.20238E+06  -0.11499E+06  -0.47931E+05  -0.19251E+05
  50900   0.11048E+07  -0.21806E+06  -0.11688E+06  -0.48179E+05  -0.24672E+05
  51000   0.12076E+07  -0.23322E+06  -0.11797E+06  -0.49764E+05  -0.25638E+05
  51100   0.13094E+07  -0.24817E+06  -0.11859E+06  -0.53792E+05  -0.24938E+05
  51200   0.14103E+07  -0.26352E+06  -0.12066E+06  -0.56171E+05  -0.22189E+05
  51300   0.15096E+07  -0.27704E+06  -0.12275E+06  -0.56934E+05  -0.23545E+05
  51400   0.16069E+07  -0.28897E+06  -0.12490E+06  -0.54492E+05  -0.26982E+05
  51500   0.17015E+07  -0.29914E+06  -0.12739E+06  -0.54335E+05  -0.28224E+05
  51600   0.17928E+07  -0.30896E+06  -0.12768E+06  -0.55050E+05  -0.25001E+05
  51700   0.18801E+07  -0.31763E+06  -0.12860E+06  -0.54823E+05  -0.24001E+05
  51800   0.19630E+07  -0.32656E+06  -0.12566E+06  -0.55609E+05  -0.27972E+05
  51900   0.20409E+07  -0.33451E+06  -0.12189E+06  -0.55220E+05  -0.33459E+05
  52000   0.21134E+07  -0.34230E+06  -0.11806E+06  -0.55763E+05  -0.34523E+05
  52100   0.21794E+07  -0.34920E+06  -0.11497E+06  -0.53374E+05  -0.32586E+05
  52200   0.22390E+07  -0.35516E+06  -0.11384E+06  -0.49816E+05  -0.28701E+05
  52300   0.22907E+07  -0.35858E+06  -0.11142E+06  -0.44273E+05  -0.28720E+05
  52400   0.23341E+07  -0.36007E+06  -0.10791E+06  -0.41078E+05  -0.29775E+05
  52500   0.23695E+07  -0.36011E+06  -0.10302E+06  -0.39334E+05  -0.27402E+05
  52600   0.23948E+07  -0.35840E+06  -0.97408E+05  -0.39033E+05  -0.25172E+05
  52700   0.24102E+07  -0.35480E+06  -0.90617E+05  -0.39892E+05  -0.18853E+05
  52800   0.24166E+07  -0.34845E+06  -0.84661E+05  -0.36943E+05  -0.16609E+05
  52900   0.24111E+07  -0.33966E+06  -0.78362E+05  -0.32531E+05  -0.16622E+05
  53000   0.23939E+07  -0.32938E+06  -0.70346E+05  -0.25979E+05  -0.20672E+05
  53100   0.23643E+07  -0.31784E+06  -0.58925E+05  -0.23074E+05  -0.17171E+05
  53200   0.23232E+07  -0.30357E+06  -0.46091E+05  -0.16101E+05  -0.16336E+05
  53300   0.22687E+07  -0.28791E+06  -0.32716E+05  -0.60800E+04  -0.14948E+05
  53400   0.21997E+07  -0.27105E+06  -0.20031E+05   0.52061E+04  -0.19196E+05
  53500   0.21146E+07  -0.25342E+06  -0.58071E+04   0.99395E+04  -0.19979E+05
  53600   0.20169E+07  -0.23292E+06   0.10934E+05   0.73550E+04  -0.93212E+04
  53700   0.19053E+07  -0.20857E+06   0.27745E+05   0.13486E+05  -0.20577E+04
  53800   0.17768E+07  -0.18334E+06   0.45243E+05   0.17666E+05   0.15546E+04
  53900   0.16351E+07  -0.15451E+06   0.62763E+05   0.20623E+05   0.48242E+04
  54000   0.14779E+07  -0.12363E+06   0.80667E+05   0.24084E+05   0.73102E+04
  54100   0.13045E+07  -0.91495E+05   0.99667E+05   0.32162E+05   0.45622E+04
  54200   0.11168E+07  -0.57575E+05   0.11565E+06   0.38802E+05   0.93870E+04
  54300   0.91406E+06  -0.18501E+05   0.13727E+06   0.45364E+05   0.20951E+05
  54400   0.69763E+06   0.22051E+05   0.15725E+06   0.53497E+05   0.33305E+05
  54500   0.46444E+06   0.64588E+05   0.17771E+06   0.61107E+05   0.34111E+05
  54600   0.21677E+06   0.10754E+06   0.19712E+06   0.73803E+05   0.24366E+05
  54700  -0.45933E+05   0.15441E+06   0.21443E+06   0.88964E+05   0.16598E+05
  54800  -0.32036E+06   0.20426E+06   0.23437E+06   0.94954E+05   0.25467E+05
  54900  -0.60786E+06   0.25674E+06   0.25236E+06   0.10060E+06   0.39824E+05
  55000  -0.90728E+06   0.31023E+06   0.26832E+06   0.10754E+06   0.46435E+05
  55100  -0.12195E+07   0.36568E+06   0.28157E+06   0.11689E+06   0.41679E+05
  55200  -0.15406E+07   0.42076E+06   0.29621E+06   0.13306E+06   0.39462E+05
  55300  -0.18732E+07   0.47250E+06   0.31190E+06   0.13956E+06   0.43520E+05
  55400  -0.22141E+07   0.52341E+06   0.33118E+06   0.13931E+06   0.60521E+05
  55500  -0.25632E+07   0.57486E+06   0.35124E+06   0.14320E+06   0.66323E+05
  55600  -0.29191E+07   0.62938E+06   0.36441E+06   0.14989E+06   0.76932E+05
  55700  -0.32784E+07   0.68276E+06   0.37785E+06   0.15471E+06   0.75824E+05
  55800  -0.36401E+07   0.73341E+06   0.39255E+06   0.15924E+06   0.78217E+05
  55900  -0.40010E+07   0.78556E+06   0.40989E+06   0.16245E+06   0.97486E+05
  56000  -0.43614E+07   0.83475E+06   0.42144E+06   0.17183E+06   0.10380E+06
  56100  -0.47200E+07   0.88357E+06   0.43258E+06   0.17949E+06   0.10673E+06
  56200  -0.50748E+07   0.93272E+06   0.44175E+06   0.19263E+06   0.10720E+06
  56300  -0.54273E+07   0.98012E+06   0.44280E+06   0.19673E+06   0.11648E+06
  56400  -0.57681E+07   0.10227E+07   0.44468E+06   0.20446E+06   0.13099E+06
  56500  -0.60995E+07   0.10640E+07   0.44878E+06   0.20637E+06   0.12979E+06
  56600  -0.64214E+07   0.11023E+07   0.44892E+06   0.20612E+06   0.11898E+06
  56700  -0.67280E+07   0.11358E+07   0.45561E+06   0.19584E+06   0.11859E+06
  56800  -0.70224E+07   0.11684E+07   0.45726E+06   0.17703E+06   0.11260E+06
  56900  -0.72971E+07   0.12014E+07   0.45332E+06   0.17287E+06   0.10659E+06
  57000  -0.75542E+07   0.12258E+07   0.44703E+06   0.17037E+06   0.98742E+05
  57100  -0.77883E+07   0.12485E+07   0.43676E+06   0.16490E+06   0.95868E+05
  57200  -0.79988E+07   0.12643E+07   0.42415E+06   0.16601E+06   0.89967E+05
  57300  -0.81779E+07   0.12733E+07   0.41123E+06   0.16902E+06   0.80770E+05
  57400  -0.83298E+07   0.12742E+07   0.39603E+06   0.16659E+06   0.62896E+05
  57500  -0.84495E+07   0.12634E+07   0.38048E+06   0.15721E+06   0.62091E+05
  57600  -0.85360E+07   0.12476E+07   0.35855E+06   0.13508E+06   0.70622E+05
  57700  -0.85851E+07   0.12347E+07   0.32734E+06   0.12129E+06   0.90173E+05
  57800  -0.85975E+07   0.12169E+07   0.29564E+06   0.10303E+06   0.99266E+05
  57900  -0.85718E+07   0.11953E+07   0.26068E+06   0.76117E+05   0.89886E+05
  58000  -0.85026E+07   0.11755E+07   0.22762E+06   0.56546E+05   0.82191E+05
  58100  -0.83902E+07   0.11378E+07   0.18351E+06   0.42288E+05   0.68220E+05
  58200  -0.82342E+07   0.10921E+07   0.13630E+06   0.37702E+05   0.45167E+05
  58300  -0.80272E+07   0.10365E+07   0.90334E+05   0.39555E+05   0.19835E+05
  58400  -0.77705E+07   0.96464E+06   0.47035E+05   0.17062E+05   0.44124E+04
  58500  -0.74653E+07   0.88753E+06  -0.48632E+04  -0.63716E+02  -0.63940E+04
  58600  -0.71021E+07   0.80486E+06  -0.51854E+05  -0.69843E+04   0.24794E+04
  58700  -0.66860E+07   0.72100E+06  -0.10871E+06  -0.18270E+05   0.25314E+05
  58800  -0.62240E+07   0.62241E+06  -0.17341E+06  -0.29622E+05   0.24367E+05
  58900  -0.57102E+07   0.51265E+06  -0.24280E+06  -0.44444E+05  -0.97493E+04
  59000  -0.51436E+07   0.39454E+06  -0.30574E+06  -0.74362E+05  -0.38093E+05
  59100  -0.45185E+07   0.27570E+06  -0.36016E+06  -0.11732E+06  -0.58689E+05
  59200  -0.38417E+07   0.14451E+06  -0.41515E+06  -0.16200E+06  -0.65000E+05
  59300  -0.31064E+07   0.78082E+04  -0.47107E+06  -0.19440E+06  -0.83813E+05
  59400  -0.23163E+07  -0.13319E+06  -0.53276E+06  -0.21173E+06  -0.10504E+06
  59500  -0.14706E+07  -0.28815E+06  -0.59753E+06  -0.22716E+06  -0.94435E+05
  59600  -0.57921E+06  -0.44198E+06  -0.67837E+06  -0.25604E+06  -0.12223E+06
  59700   0.36434E+06  -0.60557E+06  -0.76584E+06  -0.27229E+06  -0.15773E+06
  59800   0.13573E+07  -0.77150E+06  -0.83117E+06  -0.30752E+06  -0.18078E+06
  59900   0.23929E+07  -0.93696E+06  -0.89271E+06  -0.36871E+06  -0.17311E+06
  60000   0.34807E+07  -0.11102E+07  -0.95476E+06  -0.40183E+06  -0.13741E+06
  60100   0.45949E+07  -0.12958E+07  -0.10152E+07  -0.43420E+06  -0.14123E+06
  60200   0.57488E+07  -0.14875E+07  -0.10627E+07  -0.44374E+06  -0.17542E+06
  60300   0.69340E+07  -0.16843E+07  -0.11098E+07  -0.46319E+06  -0.24022E+06
  60400   0.81484E+07  -0.18673E+07  -0.11607E+07  -0.46866E+06  -0.29687E+06
  60500   0.93768E+07  -0.20577E+07  -0.12251E+07  -0.49740E+06  -0.33032E+06
  60600   0.10630E+08  -0.22483E+07  -0.12973E+07  -0.52545E+06  -0.33092E+06
  60700   0.11896E+08  -0.24265E+07  -0.13630E+07  -0.53842E+06  -0.29925E+06
  60800   0.13166E+08  -0.26087E+07  -0.14223E+07  -0.54698E+06  -0.28847E+06
  60900   0.14450E+08  -0.27945E+07  -0.14649E+07  -0.53473E+06  -0.30895E+06
  61000   0.15738E+08  -0.29661E+07  -0.14980E+07  -0.52254E+06  -0.31920E+06
  61100   0.17012E+08  -0.31347E+07  -0.15232E+07  -0.56170E+06  -0.34081E+06
  61200   0.18277E+08  -0.32997E+07  -0.15379E+07  -0.61034E+06  -0.37963E+06
  61300   0.19516E+08  -0.34543E+07  -0.15631E+07  -0.65763E+06  -0.40956E+06
  61400   0.20737E+08  -0.35960E+07  -0.15940E+07  -0.68745E+06  -0.38049E+06
  61500   0.21929E+08  -0.37422E+07  -0.16238E+07  -0.66783E+06  -0.42508E+06
  61600   0.23061E+08  -0.38818E+07  -0.16451E+07  -0.67179E+06  -0.46226E+06
  61700   0.24148E+08  -0.40115E+07  -0.16620E+07  -0.67660E+06  -0.45420E+06
  61800   0.25192E+08  -0.41278E+07  -0.16411E+07  -0.68161E+06  -0.40667E+06
  61900   0.26165E+08  -0.42319E+07  -0.16339E+07  -0.67454E+06  -0.38650E+06
  62000   0.27065E+08  -0.43233E+07  -0.16286E+07  -0.70263E+06  -0.35074E+06
  62100   0.27895E+08  -0.44038E+07  -0.15736E+07  -0.71315E+06  -0.30489E+06
  62200   0.28634E+08  -0.44502E+07  -0.15021E+07  -0.71186E+06  -0.27687E+06
  62300   0.29276E+08  -0.44711E+07  -0.14241E+07  -0.64035E+06  -0.32600E+06
  62400   0.29806E+08  -0.44777E+07  -0.13530E+07  -0.59610E+06  -0.36503E+06
  62500   0.30218E+08  -0.44594E+07  -0.13035E+07  -0.54282E+06  -0.40779E+06
  62600   0.30511E+08  -0.43959E+07  -0.12600E+07  -0.45544E+06  -0.43121E+06
  62700   0.30666E+08  -0.43161E+07  -0.11971E+07  -0.44071E+06  -0.32248E+06
  62800   0.30686E+08  -0.42279E+07  -0.10915E+07  -0.42880E+06  -0.25787E+06
  62900   0.30569E+08  -0.41172E+07  -0.93156E+06  -0.42598E+06  -0.26176E+06
  63000   0.30296E+08  -0.39814E+07  -0.77635E+06  -0.36235E+06  -0.30627E+06
  63100   0.29842E+08  -0.38422E+07  -0.63446E+06  -0.25753E+06  -0.37423E+06
  63200   0.29241E+08  -0.36501E+07  -0.47778E+06  -0.16585E+06  -0.38848E+06
  63300   0.28473E+08  -0.34169E+07  -0.33243E+06  -0.11581E+06  -0.23650E+06
  63400   0.27507E+08  -0.31953E+07  -0.14571E+06  -0.10253E+06  -0.11753E+06
  63500   0.26393E+08  -0.29237E+07   0.63328E+05  -0.13636E+05  -0.48195E+05
  63600   0.25100E+08  -0.26057E+07   0.21654E+06   0.16165E+06  -0.11407E+06
  63700   0.23598E+08  -0.23007E+07   0.36280E+06   0.21701E+06  -0.96242E+05
  63800   0.21900E+08  -0.19402E+07   0.51929E+06   0.21703E+06   0.68036E+04
  63900   0.20029E+08  -0.15337E+07   0.74688E+06   0.25358E+06   0.14598E+06
  64000   0.17949E+08  -0.11191E+07   0.98241E+06   0.31988E+06   0.17413E+06
  64100   0.15678E+08  -0.68466E+06   0.12407E+07   0.43388E+06   0.10257E+06
  64200   0.13219E+08  -0.24238E+06   0.15071E+07   0.51407E+06   0.14950E+06
  64300   0.10577E+08   0.25856E+06   0.17930E+07   0.57200E+06   0.26036E+06
  64400   0.77714E+07   0.77712E+06   0.20431E+07   0.76753E+06   0.39217E+06
  64500   0.47814E+07   0.12823E+07   0.22777E+07   0.10151E+07   0.38799E+06
  64600   0.16046E+07   0.17645E+07   0.24780E+07   0.12449E+07   0.29545E+06
  64700  -0.17460E+07   0.22979E+07   0.26586E+07   0.14219E+07   0.24660E+06
  64800  -0.52785E+07   0.28800E+07   0.28948E+07   0.14919E+07   0.26829E+06
  64900  -0.89767E+07   0.34519E+07   0.31554E+07   0.14464E+07   0.37430E+06
  65000  -0.12827E+08   0.40747E+07   0.34387E+07   0.12720E+07   0.57630E+06
  65100  -0.16835E+08   0.46932E+07   0.37122E+07   0.12191E+07   0.72961E+06
  65200  -0.20984E+08   0.53513E+07   0.39223E+07   0.12793E+07   0.84109E+06
  65300  -0.25228E+08   0.60043E+07   0.41116E+07   0.15114E+07   0.74606E+06
  65400  -0.29573E+08   0.67041E+07   0.42898E+07   0.17522E+07   0.74472E+06
  65500  -0.33982E+08   0.74433E+07   0.45288E+07   0.20382E+07   0.85917E+06
  65600  -0.38489E+08   0.81497E+07   0.47565E+07   0.22193E+07   0.90540E+06
  65700  -0.43062E+08   0.88562E+07   0.50335E+07   0.22272E+07   0.10627E+07
  65800  -0.47689E+08   0.95355E+07   0.52148E+07   0.22437E+07   0.12014E+07
  65900  -0.52317E+08   0.10253E+08   0.53551E+07   0.23435E+07   0.11136E+07
  66000  -0.56945E+08   0.10975E+08   0.53912E+07   0.24898E+07   0.10648E+07
  66100  -0.61562E+08   0.11653E+08   0.53949E+07   0.25582E+07   0.11660E+07
  66200  -0.66093E+08   0.12314E+08   0.54516E+07   0.25663E+07   0.12451E+07
  66300  -0.70532E+08   0.12928E+08   0.55538E+07   0.24731E+07   0.12511E+07
  66400  -0.74855E+08   0.13488E+08   0.57053E+07   0.23760E+07   0.13709E+07
  66500  -0.79019E+08   0.13941E+08   0.58747E+07   0.23273E+07   0.15077E+07
  66600  -0.83016E+08   0.14374E+08   0.59527E+07   0.23275E+07   0.15073E+07
  66700  -0.86848E+08   0.14718E+08   0.59462E+07   0.24241E+07   0.14221E+07
  66800  -0.90507E+08   0.15067E+08   0.58450E+07   0.24509E+07   0.14423E+07
  66900  -0.93882E+08   0.15392E+08   0.57361E+07   0.23875E+07   0.17214E+07
  67000  -0.97021E+08   0.15633E+08   0.56219E+07   0.22597E+07   0.17607E+07
  67100  -0.99885E+08   0.15828E+08   0.54691E+07   0.20876E+07   0.16983E+07
  67200  -0.10244E+09   0.15902E+08   0.53398E+07   0.19382E+07   0.13888E+07
  67300  -0.10465E+09   0.15938E+08   0.51687E+07   0.18603E+07   0.11606E+07
  67400  -0.10642E+09   0.15953E+08   0.48929E+07   0.18327E+07   0.13349E+07
  67500  -0.10781E+09   0.15892E+08   0.46141E+07   0.16959E+07   0.14724E+07
  67600  -0.10872E+09   0.15779E+08   0.42869E+07   0.15190E+07   0.15515E+07
  67700  -0.10919E+09   0.15589E+08   0.38178E+07   0.13044E+07   0.13037E+07
  67800  -0.10917E+09   0.15258E+08   0.33426E+07   0.10702E+07   0.10848E+07
  67900  -0.10858E+09   0.14900E+08   0.27825E+07   0.98283E+06   0.87008E+06
  68000  -0.10741E+09   0.14446E+08   0.21854E+07   0.11192E+07   0.77228E+06
  68100  -0.10572E+09   0.13862E+08   0.16366E+07   0.11536E+07   0.63533E+06
  68200  -0.10346E+09   0.13176E+08   0.11041E+07   0.96287E+06   0.69512E+06
  68300  -0.10054E+09   0.12410E+08   0.60963E+06   0.43711E+06   0.87462E+06
  68400  -0.97028E+08   0.11499E+08   0.98056E+05   0.11151E+06   0.53950E+06
  68500  -0.92863E+08   0.10475E+08  -0.46360E+06  -0.91550E+05   0.40472E+05
  68600  -0.88011E+08   0.93306E+07  -0.10865E+07  -0.17164E+06  -0.39328E+06
  68700  -0.82433E+08   0.82434E+07  -0.16869E+07  -0.37756E+06  -0.45226E+06
  68800  -0.76274E+08   0.69775E+07  -0.23506E+07  -0.75951E+06  -0.45973E+06
  68900  -0.69438E+08   0.56637E+07  -0.31067E+07  -0.10510E+07  -0.56523E+06
  69000  -0.61860E+08   0.41905E+07  -0.38329E+07  -0.12924E+07  -0.76762E+06
  69100  -0.53703E+08   0.26430E+07  -0.44889E+07  -0.17563E+07  -0.96438E+06
  69200  -0.44831E+08   0.10319E+07  -0.52295E+07  -0.21857E+07  -0.11414E+07
  69300  -0.35229E+08  -0.66112E+06  -0.59861E+07  -0.26499E+07  -0.13231E+07
  69400  -0.25048E+08  -0.23738E+07  -0.69656E+07  -0.29965E+07  -0.17498E+07
  69500  -0.14201E+08  -0.42262E+07  -0.80859E+07  -0.34230E+07  -0.19229E+07
  69600  -0.26413E+07  -0.61323E+07  -0.91381E+07  -0.37603E+07  -0.19385E+07
  69700   0.95889E+07  -0.80912E+07  -0.10038E+08  -0.39909E+07  -0.19479E+07
  69800   0.22393E+08  -0.10077E+08  -0.10970E+08  -0.41595E+07  -0.15939E+07
  69900   0.35760E+08  -0.12289E+08  -0.11783E+08  -0.44550E+07  -0.15859E+07
  70000   0.49519E+08  -0.14615E+08  -0.12679E+08  -0.50365E+07  -0.21722E+07
  70100   0.63943E+08  -0.17025E+08  -0.13130E+08  -0.56708E+07  -0.29514E+07
  70200   0.78752E+08  -0.19588E+08  -0.13452E+08  -0.64990E+07  -0.31826E+07
  70300   0.93963E+08  -0.22153E+08  -0.13870E+08  -0.72627E+07  -0.34162E+07
  70400   0.10958E+09  -0.24824E+08  -0.14286E+08  -0.76885E+07  -0.35595E+07
  70500   0.12549E+09  -0.27274E+08  -0.14807E+08  -0.76622E+07  -0.37361E+07
  70600   0.14159E+09  -0.29787E+08  -0.15418E+08  -0.77062E+07  -0.38105E+07
  70700   0.15783E+09  -0.32143E+08  -0.16301E+08  -0.75559E+07  -0.38325E+07
  70800   0.17414E+09  -0.34396E+08  -0.17061E+08  -0.74886E+07  -0.39235E+07
  70900   0.19039E+09  -0.36676E+08  -0.17778E+08  -0.77945E+07  -0.33599E+07
  71000   0.20658E+09  -0.38919E+08  -0.18487E+08  -0.80091E+07  -0.33877E+07
  71100   0.22265E+09  -0.41254E+08  -0.19015E+08  -0.78670E+07  -0.37428E+07
  71200   0.23847E+09  -0.43486E+08  -0.19389E+08  -0.79748E+07  -0.38616E+07
  71300   0.25404E+09  -0.45598E+08  -0.19819E+08  -0.76710E+07  -0.39427E+07
  71400   0.26922E+09  -0.47785E+08  -0.20080E+08  -0.79669E+07  -0.35591E+07
  71500   0.28381E+09  -0.49713E+08  -0.20251E+08  -0.83075E+07  -0.34472E+07
  71600   0.29791E+09  -0.51060E+08  -0.20407E+08  -0.84491E+07  -0.40131E+07
  71700   0.31136E+09  -0.52116E+08  -0.20483E+08  -0.79362E+07  -0.51992E+07
  71800   0.32399E+09  -0.53001E+08  -0.20526E+08  -0.72867E+07  -0.55775E+07
  71900   0.33582E+09  -0.53755E+08  -0.20334E+08  -0.66401E+07  -0.54212E+07
  72000   0.34640E+09  -0.54875E+08  -0.19563E+08  -0.65141E+07  -0.53360E+07
  72100   0.35607E+09  -0.55673E+08  -0.18619E+08  -0.65289E+07  -0.54388E+07
  72200   0.36449E+09  -0.56457E+08  -0.17595E+08  -0.70569E+07  -0.55841E+07
  72300   0.37164E+09  -0.56888E+08  -0.16712E+08  -0.72978E+07  -0.56619E+07
  72400   0.37744E+09  -0.56914E+08  -0.15965E+08  -0.67718E+07  -0.54739E+07
  72500   0.38166E+09  -0.56917E+08  -0.15686E+08  -0.60918E+07  -0.53724E+07
  72600   0.38435E+09  -0.56403E+08  -0.15375E+08  -0.55428E+07  -0.43148E+07
  72700   0.38551E+09  -0.55377E+08  -0.14819E+08  -0.47229E+07  -0.35163E+07
  72800   0.38489E+09  -0.54071E+08  -0.13947E+08  -0.44729E+07  -0.29470E+07
  72900   0.38257E+09  -0.52290E+08  -0.12487E+08  -0.42722E+07  -0.21591E+07
  73000   0.37815E+09  -0.50085E+08  -0.10806E+08  -0.40754E+07  -0.19324E+07
  73100   0.37175E+09  -0.47837E+08  -0.85784E+07  -0.36618E+07  -0.19128E+07
  73200   0.36299E+09  -0.45046E+08  -0.65783E+07  -0.28094E+07  -0.27126E+07
  73300   0.35238E+09  -0.42196E+08  -0.40860E+07  -0.18639E+07  -0.20916E+07
  73400   0.33931E+09  -0.38775E+08  -0.14203E+07  -0.11779E+07  -0.14822E+07
  73500   0.32388E+09  -0.35077E+08   0.56008E+06   0.59996E+06  -0.12208E+07
  73600   0.30578E+09  -0.31105E+08   0.27112E+07   0.15768E+07  -0.47264E+06
  73700   0.28561E+09  -0.26887E+08   0.53136E+07   0.21493E+07   0.56008E+06
  73800   0.26300E+09  -0.22763E+08   0.82560E+07   0.20100E+07   0.28181E+07
  73900   0.23793E+09  -0.18324E+08   0.12021E+08   0.19571E+07   0.39417E+07
  74000   0.21057E+09  -0.14149E+08   0.15243E+08   0.31649E+07   0.36182E+07
  74100   0.18089E+09  -0.93054E+07   0.18235E+08   0.55303E+07   0.36799E+07
  74200   0.14906E+09  -0.38539E+07   0.21427E+08   0.76501E+07   0.43236E+07
  74300   0.11448E+09   0.20097E+07   0.24456E+08   0.99011E+07   0.48842E+07
  74400   0.77523E+08   0.83822E+07   0.27255E+08   0.11617E+08   0.48617E+07
  74500   0.38050E+08   0.15148E+08   0.30183E+08   0.13022E+08   0.43983E+07
  74600  -0.35251E+07   0.22491E+08   0.33079E+08   0.13635E+08   0.54531E+07
  74700  -0.47108E+08   0.30815E+08   0.35705E+08   0.15020E+08   0.64838E+07
  74800  -0.92633E+08   0.39260E+08   0.37981E+08   0.16556E+08   0.85506E+07
  74900  -0.14050E+09   0.47800E+08   0.40545E+08   0.18751E+08   0.10621E+08
  75000  -0.18982E+09   0.56782E+08   0.43184E+08   0.20217E+08   0.11722E+08
  75100  -0.24072E+09   0.65805E+08   0.46268E+08   0.22470E+08   0.11565E+08
  75200  -0.29340E+09   0.74776E+08   0.49241E+08   0.24266E+08   0.10914E+08
  75300  -0.34721E+09   0.83746E+08   0.51474E+08   0.25471E+08   0.10136E+08
  75400  -0.40226E+09   0.92661E+08   0.54184E+08   0.26207E+08   0.11839E+08
  75500  -0.45799E+09   0.10125E+09   0.57289E+08   0.25909E+08   0.13503E+08
  75600  -0.51501E+09   0.10935E+09   0.59512E+08   0.25680E+08   0.15000E+08
  75700  -0.57231E+09   0.11767E+09   0.61799E+08   0.25775E+08   0.14541E+08
  75800  -0.62949E+09   0.12619E+09   0.64216E+08   0.27608E+08   0.14235E+08
  75900  -0.68682E+09   0.13461E+09   0.67149E+08   0.28635E+08   0.15764E+08
  76000  -0.74379E+09   0.14248E+09   0.69423E+08   0.29007E+08   0.17235E+08
  76100  -0.80026E+09   0.14984E+09   0.70680E+08   0.29110E+08   0.17499E+08
  76200  -0.85621E+09   0.15725E+09   0.71396E+08   0.29695E+08   0.17518E+08
  76300  -0.91118E+09   0.16406E+09   0.70972E+08   0.29951E+08   0.17561E+08
  76400  -0.96463E+09   0.16982E+09   0.70574E+08   0.29240E+08   0.18124E+08
  76500  -0.10165E+10   0.17493E+09   0.71112E+08   0.28321E+08   0.18394E+08
  76600  -0.10658E+10   0.17953E+09   0.71821E+08   0.28704E+08   0.17251E+08
  76700  -0.11128E+10   0.18392E+09   0.72284E+08   0.29179E+08   0.17872E+08
  76800  -0.11570E+10   0.18760E+09   0.72400E+08   0.27826E+08   0.19318E+08
  76900  -0.11981E+10   0.19095E+09   0.72032E+08   0.26882E+08   0.20027E+08
  77000  -0.12357E+10   0.19343E+09   0.71210E+08   0.27481E+08   0.18245E+08
  77100  -0.12697E+10   0.19513E+09   0.69667E+08   0.26483E+08   0.14605E+08
  77200  -0.12987E+10   0.19701E+09   0.68819E+08   0.25413E+08   0.12803E+08
  77300  -0.13231E+10   0.19837E+09   0.66607E+08   0.23914E+08   0.13717E+08
  77400  -0.13421E+10   0.19896E+09   0.63473E+08   0.22763E+08   0.16899E+08
  77500  -0.13562E+10   0.19901E+09   0.57563E+08   0.21620E+08   0.19545E+08
  77600  -0.13645E+10   0.19737E+09   0.50287E+08   0.21357E+08   0.19411E+08
  77700  -0.13668E+10   0.19426E+09   0.43291E+08   0.19545E+08   0.21447E+08
  77800  -0.13625E+10   0.18945E+09   0.35542E+08   0.18122E+08   0.18741E+08
  77900  -0.13515E+10   0.18243E+09   0.28994E+08   0.15879E+08   0.13299E+08
  78000  -0.13337E+10   0.17475E+09   0.23420E+08   0.13389E+08   0.72280E+07
  78100  -0.13083E+10   0.16589E+09   0.16667E+08   0.10866E+08   0.57541E+07
  78200  -0.12769E+10   0.15579E+09   0.10379E+08   0.64410E+07   0.52653E+07
  78300  -0.12368E+10   0.14451E+09   0.40970E+07   0.15345E+07   0.47977E+07
  78400  -0.11885E+10   0.13320E+09  -0.25872E+07  -0.30591E+07   0.31172E+07
  78500  -0.11314E+10   0.12078E+09  -0.10374E+08  -0.69091E+07  -0.74607E+06
  78600  -0.10659E+10   0.10723E+09  -0.19329E+08  -0.63147E+07  -0.78945E+07
  78700  -0.99196E+09   0.91748E+08  -0.29545E+08  -0.86225E+07  -0.76480E+07
  78800  -0.90922E+09   0.75058E+08  -0.40631E+08  -0.11164E+08  -0.82782E+07
  78900  -0.81782E+09   0.56433E+08  -0.51300E+08  -0.16187E+08  -0.82860E+07
  79000  -0.71893E+09   0.35156E+08  -0.62729E+08  -0.21520E+08  -0.67400E+07
  79100  -0.61058E+09   0.13828E+08  -0.71756E+08  -0.28198E+08  -0.58525E+07
  79200  -0.49327E+09  -0.78152E+07  -0.79477E+08  -0.33529E+08  -0.91295E+07
  79300  -0.36696E+09  -0.31801E+08  -0.86658E+08  -0.37544E+08  -0.11639E+08
  79400  -0.23365E+09  -0.57350E+08  -0.93499E+08  -0.43138E+08  -0.14427E+08
  79500  -0.90962E+08  -0.83628E+08  -0.99582E+08  -0.48010E+08  -0.17642E+08
  79600   0.57849E+08  -0.11163E+09  -0.10928E+09  -0.52915E+08  -0.24811E+08
  79700   0.21569E+09  -0.14002E+09  -0.12110E+09  -0.55906E+08  -0.28587E+08
  79800   0.38092E+09  -0.16887E+09  -0.13321E+09  -0.57743E+08  -0.28873E+08
  79900   0.55286E+09  -0.19709E+09  -0.14597E+09  -0.60532E+08  -0.27213E+08
  80000   0.73150E+09  -0.22524E+09  -0.15622E+09  -0.64157E+08  -0.27845E+08
  80100   0.91522E+09  -0.25473E+09  -0.16693E+09  -0.72174E+08  -0.29890E+08
  80200   0.11037E+10  -0.28416E+09  -0.17658E+09  -0.79547E+08  -0.32455E+08
  80300   0.12964E+10  -0.31348E+09  -0.18750E+09  -0.83878E+08  -0.38475E+08
  80400   0.14926E+10  -0.34269E+09  -0.19764E+09  -0.88421E+08  -0.42187E+08
  80500   0.16930E+10  -0.37027E+09  -0.20491E+09  -0.92299E+08  -0.42692E+08
  80600   0.18958E+10  -0.39936E+09  -0.21267E+09  -0.93755E+08  -0.50667E+08
  80700   0.21007E+10  -0.42710E+09  -0.22286E+09  -0.93063E+08  -0.56265E+08
  80800   0.23067E+10  -0.45490E+09  -0.22799E+09  -0.93211E+08  -0.57686E+08
  80900   0.25150E+10  -0.48159E+09  -0.23285E+09  -0.96298E+08  -0.53015E+08
  81000   0.27196E+10  -0.51164E+09  -0.23662E+09  -0.98997E+08  -0.55858E+08
  81100   0.29222E+10  -0.53926E+09  -0.24310E+09  -0.98049E+08  -0.60516E+08
  81200   0.31206E+10  -0.56785E+09  -0.25056E+09  -0.97300E+08  -0.58599E+08
  81300   0.33148E+10  -0.59339E+09  -0.25650E+09  -0.99811E+08  -0.52919E+08
  81400   0.35033E+10  -0.61619E+09  -0.26193E+09  -0.10085E+09  -0.47748E+08
  81500   0.36818E+10  -0.63812E+09  -0.26614E+09  -0.10433E+09  -0.44231E+08
  81600   0.38535E+10  -0.65505E+09  -0.26263E+09  -0.11300E+09  -0.48377E+08
  81700   0.40156E+10  -0.66839E+09  -0.25589E+09  -0.11513E+09  -0.54316E+08
  81800   0.41675E+10  -0.68078E+09  -0.25212E+09  -0.11727E+09  -0.55507E+08
  81900   0.43109E+10  -0.68892E+09  -0.25378E+09  -0.10771E+09  -0.56605E+08
  82000   0.44381E+10  -0.69570E+09  -0.25710E+09  -0.96325E+08  -0.60492E+08
  82100   0.45522E+10  -0.69953E+09  -0.25887E+09  -0.84388E+08  -0.64694E+08
  82200   0.46485E+10  -0.70120E+09  -0.25642E+09  -0.83987E+08  -0.61256E+08
  82300   0.47286E+10  -0.70033E+09  -0.24952E+09  -0.84525E+08  -0.53645E+08
  82400   0.47902E+10  -0.69661E+09  -0.23683E+09  -0.88472E+08  -0.49777E+08
  82500   0.48341E+10  -0.69029E+09  -0.21896E+09  -0.78500E+08  -0.48144E+08
  82600   0.48566E+10  -0.68115E+09  -0.19987E+09  -0.68623E+08  -0.46590E+08
  82700   0.48541E+10  -0.67194E+09  -0.17877E+09  -0.56424E+08  -0.59348E+08
  82800   0.48308E+10  -0.65771E+09  -0.15147E+09  -0.53711E+08  -0.66514E+08
  82900   0.47822E+10  -0.63846E+09  -0.12211E+09  -0.57958E+08  -0.52736E+08
  83000   0.47121E+10  -0.61269E+09  -0.91912E+08  -0.50509E+08  -0.36694E+08
  83100   0.46158E+10  -0.58107E+09  -0.60523E+08  -0.30653E+08  -0.28771E+08
  83200   0.44894E+10  -0.54719E+09  -0.32243E+08  -0.13011E+08  -0.23199E+08
  83300   0.43365E+10  -0.50845E+09  -0.75725E+07   0.50169E+07  -0.16767E+08
  83400   0.41545E+10  -0.46577E+09   0.16988E+08   0.14462E+08   0.29604E+07
  83500   0.39451E+10  -0.42032E+09   0.44743E+08   0.20788E+08   0.14097E+08
  83600   0.37033E+10  -0.36977E+09   0.73382E+08   0.24967E+08   0.12186E+08
  83700   0.34300E+10  -0.31385E+09   0.10690E+09   0.35347E+08   0.18890E+08
  83800   0.31265E+10  -0.25187E+09   0.13974E+09   0.56459E+08   0.25816E+08
  83900   0.27931E+10  -0.18558E+09   0.17499E+09   0.74174E+08   0.34181E+08
  84000   0.24306E+10  -0.11468E+09   0.20717E+09   0.10153E+09   0.48490E+08
  84100   0.20355E+10  -0.38927E+08   0.24002E+09   0.11707E+09   0.56304E+08
  84200   0.16150E+10   0.43489E+08   0.27467E+09   0.13533E+09   0.56539E+08
  84300   0.11596E+10   0.12612E+09   0.30626E+09   0.14591E+09   0.57151E+08
  84400   0.67474E+09   0.21296E+09   0.34373E+09   0.15726E+09   0.51909E+08
  84500   0.16015E+09   0.30484E+09   0.38451E+09   0.17363E+09   0.47654E+08
  84600  -0.38532E+09   0.39529E+09   0.43281E+09   0.17873E+09   0.53696E+08
  84700  -0.95634E+09   0.48416E+09   0.47937E+09   0.18725E+09   0.71593E+08
  84800  -0.15510E+10   0.58072E+09   0.51861E+09   0.20196E+09   0.91126E+08
  84900  -0.21701E+10   0.67851E+09   0.56404E+09   0.21874E+09   0.10825E+09
  85000  -0.28069E+10   0.78293E+09   0.59996E+09   0.24522E+09   0.10416E+09
  85100  -0.34610E+10   0.88935E+09   0.63259E+09   0.26899E+09   0.12381E+09
  85200  -0.41340E+10   0.10047E+10   0.65321E+09   0.29372E+09   0.14012E+09
  85300  -0.48215E+10   0.11206E+10   0.68082E+09   0.30182E+09   0.14968E+09
  85400  -0.55261E+10   0.12320E+10   0.70783E+09   0.31464E+09   0.14779E+09
  85500  -0.62375E+10   0.13387E+10   0.73733E+09   0.31375E+09   0.17335E+09
  85600  -0.69544E+10   0.14481E+10   0.76177E+09   0.31597E+09   0.19560E+09
  85700  -0.76796E+10   0.15546E+10   0.78907E+09   0.32228E+09   0.20524E+09
  85800  -0.83973E+10   0.16510E+10   0.81929E+09   0.33790E+09   0.21749E+09
  85900  -0.91220E+10   0.17457E+10   0.83611E+09   0.36253E+09   0.20448E+09
  86000  -0.98349E+10   0.18342E+10   0.85871E+09   0.36237E+09   0.20924E+09
  86100  -0.10540E+11   0.19252E+10   0.88032E+09   0.36141E+09   0.22750E+09
  86200  -0.11233E+11   0.20173E+10   0.90089E+09   0.35504E+09   0.23518E+09
  86300  -0.11910E+11   0.21030E+10   0.91283E+09   0.36205E+09   0.23546E+09
  86400  -0.12568E+11   0.21902E+10   0.91228E+09   0.36679E+09   0.22381E+09
  86500  -0.13195E+11   0.22731E+10   0.90695E+09   0.35395E+09   0.25448E+09
  86600  -0.13799E+11   0.23391E+10   0.90232E+09   0.34520E+09   0.27505E+09
  86700  -0.14369E+11   0.23878E+10   0.89234E+09   0.34288E+09   0.27324E+09
  86800  -0.14892E+11   0.24269E+10   0.89239E+09   0.33754E+09   0.26181E+09
  86900  -0.15376E+11   0.24499E+10   0.89051E+09   0.33670E+09   0.22916E+09
  87000  -0.15808E+11   0.24757E+10   0.88835E+09   0.35390E+09   0.18653E+09
  87100  -0.16187E+11   0.24917E+10   0.84561E+09   0.36496E+09   0.15981E+09
  87200  -0.16506E+11   0.25072E+10   0.79874E+09   0.35825E+09   0.16559E+09
  87300  -0.16760E+11   0.25098E+10   0.73088E+09   0.34861E+09   0.18372E+09
  87400  -0.16949E+11   0.25012E+10   0.66323E+09   0.30117E+09   0.21197E+09
  87500  -0.17072E+11   0.24816E+10   0.58614E+09   0.26868E+09   0.24738E+09
  87600  -0.17118E+11   0.24428E+10   0.50940E+09   0.23519E+09   0.24553E+09
  87700  -0.17081E+11   0.24080E+10   0.44173E+09   0.21634E+09   0.23557E+09
  87800  -0.16966E+11   0.23383E+10   0.37192E+09   0.19662E+09   0.19320E+09
  87900  -0.16761E+11   0.22566E+10   0.31693E+09   0.17043E+09   0.16118E+09
  88000  -0.16460E+11   0.21600E+10   0.27067E+09   0.12532E+09   0.13581E+09
  88100  -0.16068E+11   0.20347E+10   0.21595E+09   0.69587E+08   0.13381E+09
  88200  -0.15591E+11   0.18976E+10   0.13861E+09   0.17874E+08   0.11409E+09
  88300  -0.14999E+11   0.17465E+10   0.55885E+08  -0.57844E+07   0.68868E+08
  88400  -0.14312E+11   0.15771E+10  -0.47187E+08  -0.28257E+08   0.89211E+07
  88500  -0.13527E+11   0.13946E+10  -0.15443E+09  -0.98815E+08  -0.20863E+08
  88600  -0.12650E+11   0.11969E+10  -0.28961E+09  -0.17789E+09  -0.52969E+08
  88700  -0.11657E+11   0.10089E+10  -0.42349E+09  -0.25174E+09  -0.64472E+08
  88800  -0.10549E+11   0.81156E+09  -0.55545E+09  -0.26441E+09  -0.11386E+09
  88900  -0.93371E+10   0.59523E+09  -0.69244E+09  -0.27169E+09  -0.15019E+09
  89000  -0.80094E+10   0.36700E+09  -0.78868E+09  -0.30184E+09  -0.15696E+09
  89100  -0.65846E+10   0.91188E+08  -0.90529E+09  -0.34641E+09  -0.19746E+09
  89200  -0.50511E+10  -0.22305E+09  -0.10134E+10  -0.42204E+09  -0.23859E+09
  89300  -0.34002E+10  -0.53897E+09  -0.11151E+10  -0.49796E+09  -0.25620E+09
  89400  -0.16361E+10  -0.87189E+09  -0.12111E+10  -0.56891E+09  -0.30724E+09
  89500   0.21870E+09  -0.12159E+10  -0.13316E+10  -0.60618E+09  -0.36583E+09
  89600   0.21742E+10  -0.15655E+10  -0.14653E+10  -0.60409E+09  -0.42257E+09
  89700   0.42183E+10  -0.19049E+10  -0.16178E+10  -0.61438E+09  -0.44749E+09
  89800   0.63452E+10  -0.22546E+10  -0.17464E+10  -0.65006E+09  -0.47144E+09
  89900   0.85438E+10  -0.26149E+10  -0.19239E+10  -0.67590E+09  -0.50400E+09
  90000   0.10818E+11  -0.29674E+10  -0.21048E+10  -0.70203E+09  -0.54622E+09
  90100   0.13164E+11  -0.33043E+10  -0.22516E+10  -0.78850E+09  -0.56128E+09
  90200   0.15576E+11  -0.36606E+10  -0.23916E+10  -0.89010E+09  -0.53338E+09
  90300   0.18038E+11  -0.40166E+10  -0.25142E+10  -0.10046E+10  -0.52383E+09
  90400   0.20531E+11  -0.43900E+10  -0.26093E+10  -0.11172E+10  -0.50102E+09
  90500   0.23056E+11  -0.47602E+10  -0.27028E+10  -0.11991E+10  -0.58735E+09
  90600   0.25618E+11  -0.51549E+10  -0.27571E+10  -0.12367E+10  -0.63676E+09
  90700   0.28191E+11  -0.55335E+10  -0.28426E+10  -0.12907E+10  -0.66964E+09
  90800   0.30760E+11  -0.59229E+10  -0.29265E+10  -0.13597E+10  -0.62691E+09
  90900   0.33339E+11  -0.62777E+10  -0.29816E+10  -0.14074E+10  -0.61496E+09
  91000   0.35874E+11  -0.66323E+10  -0.30791E+10  -0.14084E+10  -0.67689E+09
  91100   0.38369E+11  -0.69631E+10  -0.31864E+10  -0.13142E+10  -0.74433E+09
  91200   0.40811E+11  -0.72632E+10  -0.33127E+10  -0.12267E+10  -0.73674E+09
  91300   0.43187E+11  -0.75291E+10  -0.33862E+10  -0.12112E+10  -0.69426E+09
  91400   0.45463E+11  -0.77847E+10  -0.33779E+10  -0.12475E+10  -0.66303E+09
  91500   0.47651E+11  -0.80074E+10  -0.33316E+10  -0.12700E+10  -0.68690E+09
  91600   0.49709E+11  -0.81860E+10  -0.32491E+10  -0.13336E+10  -0.65741E+09
  91700   0.51626E+11  -0.83500E+10  -0.31497E+10  -0.13445E+10  -0.68572E+09
  91800   0.53378E+11  -0.84964E+10  -0.30829E+10  -0.13191E+10  -0.77014E+09
  91900   0.54995E+11  -0.86111E+10  -0.30469E+10  -0.12606E+10  -0.84142E+09
  92000   0.56422E+11  -0.87206E+10  -0.29950E+10  -0.12231E+10  -0.84970E+09
  92100   0.57688E+11  -0.88048E+10  -0.29064E+10  -0.12033E+10  -0.79371E+09
  92200   0.58733E+11  -0.88581E+10  -0.27457E+10  -0.11990E+10  -0.64916E+09
  92300   0.59559E+11  -0.88906E+10  -0.25583E+10  -0.11543E+10  -0.57151E+09
  92400   0.60141E+11  -0.88831E+10  -0.24025E+10  -0.10967E+10  -0.46934E+09
  92500   0.60472E+11  -0.88406E+10  -0.22020E+10  -0.96694E+09  -0.44231E+09
  92600   0.60525E+11  -0.87033E+10  -0.19597E+10  -0.88702E+09  -0.46744E+09
  92700   0.60338E+11  -0.84627E+10  -0.16662E+10  -0.84532E+09  -0.43486E+09
  92800   0.59801E+11  -0.81581E+10  -0.14369E+10  -0.85446E+09  -0.44504E+09
  92900   0.58946E+11  -0.78242E+10  -0.11837E+10  -0.73992E+09  -0.49864E+09
  93000   0.57763E+11  -0.73890E+10  -0.97525E+09  -0.53918E+09  -0.49874E+09
  93100   0.56252E+11  -0.69255E+10  -0.66873E+09  -0.43343E+09  -0.28658E+09
  93200   0.54419E+11  -0.63947E+10  -0.27934E+09  -0.31903E+09  -0.13086E+09
  93300   0.52242E+11  -0.58203E+10   0.12533E+09  -0.12235E+09  -0.12325E+09
  93400   0.49683E+11  -0.52086E+10   0.50910E+09   0.13229E+09  -0.14842E+09
  93500   0.46736E+11  -0.45484E+10   0.83858E+09   0.56603E+09  -0.34531E+09
  93600   0.43410E+11  -0.38621E+10   0.11873E+10   0.92860E+09  -0.37858E+09
  93700   0.39697E+11  -0.30917E+10   0.16009E+10   0.11129E+10  -0.10866E+09
  93800   0.35605E+11  -0.22777E+10   0.20673E+10   0.12603E+10   0.18292E+09
  93900   0.31186E+11  -0.13852E+10   0.25582E+10   0.13733E+10   0.53014E+09
  94000   0.26336E+11  -0.51327E+09   0.30632E+10   0.14333E+10   0.69588E+09
  94100   0.21114E+11   0.40164E+09   0.35680E+10   0.15349E+10   0.81324E+09
  94200   0.15518E+11   0.13809E+10   0.40300E+10   0.17222E+10   0.86993E+09
  94300   0.94962E+10   0.23978E+10   0.44032E+10   0.18540E+10   0.91003E+09
  94400   0.31642E+10   0.35511E+10   0.47124E+10   0.20379E+10   0.96236E+09
  94500  -0.35253E+10   0.47972E+10   0.49636E+10   0.22163E+10   0.10905E+10
  94600  -0.10485E+11   0.61749E+10   0.53221E+10   0.24975E+10   0.13262E+10
  94700  -0.17738E+11   0.75307E+10   0.57772E+10   0.26235E+10   0.15248E+10
  94800  -0.25322E+11   0.88875E+10   0.63849E+10   0.26913E+10   0.16907E+10
  94900  -0.33098E+11   0.10201E+11   0.69616E+10   0.28612E+10   0.16946E+10
  95000  -0.41164E+11   0.11508E+11   0.74030E+10   0.30714E+10   0.17196E+10
  95100  -0.49453E+11   0.12807E+11   0.77439E+10   0.35173E+10   0.16170E+10
  95200  -0.57977E+11   0.14097E+11   0.80909E+10   0.38667E+10   0.14677E+10
  95300  -0.66693E+11   0.15320E+11   0.85941E+10   0.41003E+10   0.15294E+10
  95400  -0.75577E+11   0.16567E+11   0.91589E+10   0.40915E+10   0.20374E+10
  95500  -0.84610E+11   0.17709E+11   0.98528E+10   0.40271E+10   0.22416E+10
  95600  -0.93643E+11   0.18982E+11   0.10296E+11   0.40550E+10   0.21202E+10
  95700  -0.10268E+12   0.20323E+11   0.10692E+11   0.42567E+10   0.21336E+10
  95800  -0.11168E+12   0.21610E+11   0.11074E+11   0.42596E+10   0.23962E+10
  95900  -0.12063E+12   0.22863E+11   0.11373E+11   0.40823E+10   0.27065E+10
  96000  -0.12944E+12   0.24091E+11   0.11722E+11   0.41218E+10   0.30606E+10
  96100  -0.13817E+12   0.25235E+11   0.11887E+11   0.43016E+10   0.28333E+10
  96200  -0.14656E+12   0.26306E+11   0.12021E+11   0.46818E+10   0.22567E+10
  96300  -0.15471E+12   0.27331E+11   0.12072E+11   0.49812E+10   0.19391E+10
  96400  -0.16251E+12   0.28313E+11   0.12069E+11   0.52039E+10   0.17977E+10
  96500  -0.16993E+12   0.29111E+11   0.11908E+11   0.51553E+10   0.16269E+10
  96600  -0.17696E+12   0.29722E+11   0.11743E+11   0.49096E+10   0.18001E+10
  96700  -0.18353E+12   0.30118E+11   0.11620E+11   0.45143E+10   0.21513E+10
  96800  -0.18958E+12   0.30305E+11   0.11518E+11   0.43625E+10   0.21915E+10
  96900  -0.19501E+12   0.30500E+11   0.10959E+11   0.43961E+10   0.23942E+10
  97000  -0.19979E+12   0.30725E+11   0.10450E+11   0.46308E+10   0.25167E+10
  97100  -0.20389E+12   0.30854E+11   0.96360E+10   0.46015E+10   0.27145E+10
  97200  -0.20735E+12   0.30961E+11   0.90096E+10   0.43534E+10   0.24359E+10
  97300  -0.21003E+12   0.30854E+11   0.82382E+10   0.38986E+10   0.20041E+10
  97400  -0.21184E+12   0.30682E+11   0.76149E+10   0.34040E+10   0.17107E+10
  97500  -0.21274E+12   0.30384E+11   0.70587E+10   0.30170E+10   0.16075E+10
  97600  -0.21261E+12   0.29947E+11   0.63373E+10   0.27141E+10   0.18153E+10
  97700  -0.21152E+12   0.29154E+11   0.54565E+10   0.25148E+10   0.17258E+10
  97800  -0.20925E+12   0.28299E+11   0.48530E+10   0.22237E+10   0.18470E+10
  97900  -0.20595E+12   0.27159E+11   0.39622E+10   0.21428E+10   0.18910E+10
  98000  -0.20142E+12   0.25640E+11   0.31381E+10   0.16553E+10   0.19520E+10
  98100  -0.19569E+12   0.24080E+11   0.22840E+10   0.10554E+10   0.17536E+10
  98200  -0.18868E+12   0.22149E+11   0.15207E+10   0.15557E+09   0.16548E+10
  98300  -0.18041E+12   0.20107E+11   0.54058E+09  -0.57987E+09   0.13372E+10
  98400  -0.17102E+12   0.17805E+11  -0.79003E+09  -0.91791E+09   0.65326E+09
  98500  -0.16041E+12   0.15285E+11  -0.21959E+10  -0.16814E+10  -0.23842E+09
  98600  -0.14848E+12   0.12607E+11  -0.39766E+10  -0.19609E+10  -0.77721E+09
  98700  -0.13516E+12   0.99824E+10  -0.57808E+10  -0.21323E+10  -0.45377E+09
  98800  -0.12056E+12   0.71630E+10  -0.76877E+10  -0.22087E+10  -0.56744E+09
  98900  -0.10464E+12   0.39423E+10  -0.94925E+10  -0.30584E+10  -0.11689E+10
  99000  -0.87372E+11   0.64769E+09  -0.10787E+11  -0.44410E+10  -0.11973E+10
  99100  -0.68602E+11  -0.28973E+10  -0.12186E+11  -0.55930E+10  -0.20310E+10
  99200  -0.48513E+11  -0.65786E+10  -0.13529E+11  -0.60491E+10  -0.30896E+10
  99300  -0.26967E+11  -0.10512E+11  -0.14871E+11  -0.62185E+10  -0.36382E+10
  99400  -0.41243E+10  -0.14377E+11  -0.16363E+11  -0.65203E+10  -0.36592E+10
  99500   0.19739E+11  -0.18665E+11  -0.17899E+11  -0.73995E+10  -0.42531E+10
  99600   0.44873E+11  -0.22893E+11  -0.19497E+11  -0.86604E+10  -0.43541E+10
  99700   0.71011E+11  -0.27405E+11  -0.21052E+11  -0.99437E+10  -0.49226E+10
  99800   0.98293E+11  -0.31966E+11  -0.23260E+11  -0.10247E+11  -0.52378E+10
  99900   0.12649E+12  -0.36486E+11  -0.25541E+11  -0.10187E+11  -0.59864E+10
